K1 K2 REF N_Loci_Ref MAP_STAT READS
1 2 12 45806 Mean_Mismatch 41787.8888888889
1 3 13 35829 Mean_Mismatch 62009.2777777778
1 4 14 30093 Mean_Mismatch 59003.3333333333
2 1 21 52832 Mean_Mismatch 29268.6666666667
2 2 22 31583 Mean_Mismatch 23809
2 3 23 18692 Mean_Mismatch 98556.8333333333
2 4 24 19283 Mean_Mismatch 45701.6111111111
3 1 31 40445 Mean_Mismatch 46642.2222222222
3 2 32 24109 Mean_Mismatch 17991.2222222222
3 3 33 18692 Mean_Mismatch 98556.8333333333
3 4 34 15565 Mean_Mismatch 92855.2777777778
4 1 41 33867 Mean_Mismatch 97420.8333333333
4 2 42 21231 Mean_Mismatch 76147.1666666667
4 3 43 16989 Mean_Mismatch 78006.9444444444
4 4 44 14332 Mean_Mismatch 73348.6666666667
1 2 12 45806 Reads_Mapped 2223249.94444444
1 3 13 35829 Reads_Mapped 2206805.22222222
1 4 14 30093 Reads_Mapped 2183351.05555556
2 1 21 52832 Reads_Mapped 2241392.61111111
2 2 22 31583 Reads_Mapped 2293518.61111111
2 3 23 18692 Reads_Mapped 2211733.16666667
2 4 24 19283 Reads_Mapped 2136054.88888889
3 1 31 40445 Reads_Mapped 2300210.27777778
3 2 32 24109 Reads_Mapped 2241043.33333333
3 3 33 18692 Reads_Mapped 2211733.16666667
3 4 34 15565 Reads_Mapped 2130299.44444444
4 1 41 33867 Reads_Mapped 2283120.38888889
4 2 42 21231 Reads_Mapped 2246363.94444444
4 3 43 16989 Reads_Mapped 2172876.88888889
4 4 44 14332 Reads_Mapped 2093541.55555556
