START_LOCUS	END_LOCUS	NUM_LOCI	COMP_CHR	COMP_START	COMP_END	COMP_SIZE	MAP_LG	MAP_START	MAP_END	MAP_SIZE
dDocent_Contig_5207	dDocent_Contig_187281	2	7_1	19919674	20906700	987026	11	6.76	6.76	0.00
dDocent_Contig_14391	dDocent_Contig_96847	2	7_1	18686860	19313931	627071	11	9.92	9.92	0.00
dDocent_Contig_70827	dDocent_Contig_52004	2	7_1	18489513	19211806	722293	11	10.85	12.88	2.03
dDocent_Contig_10459	dDocent_Contig_31792	6	7_1	17371802	18403802	1032000	11	16.59	16.59	0.00
dDocent_Contig_28577	dDocent_Contig_396511	4	7_1	15815867	15520342	306152	11	22.06	23	0.94
dDocent_Contig_8679	dDocent_Contig_84028	3	7_1	14030304	14023555	17781	11	25.25	25.25	0.00
dDocent_Contig_19168	dDocent_Contig_101762	4	7_1	14708598	14986542	277944	11	25.25	25.33	0.08
dDocent_Contig_31290	dDocent_Contig_958	7	7_1	12807326	11727315	1080011	11	28.86	34.21	5.35
dDocent_Contig_104757	dDocent_Contig_59935	3	7_1	9522383	9603572	166327	11	36.88	37.55	0.67
dDocent_Contig_382081	dDocent_Contig_74363	3	7_1	10637065	9816562	820503	11	37.11	41.75	4.64
dDocent_Contig_190056	dDocent_Contig_272119	3	7_1	7504428	8141307	636879	11	44.22	44.61	0.39
dDocent_Contig_8373	dDocent_Contig_78213	2	7_1	5215464	5744024	528560	11	45.77	45.77	0.00
dDocent_Contig_65087	dDocent_Contig_43813	2	7_1	9147158	8850454	296704	11	45.77	49.89	4.12
dDocent_Contig_69792	dDocent_Contig_182805	2	7_1	5810221	5967741	157520	11	49.89	50.9	1.01
dDocent_Contig_32350	dDocent_Contig_276335	2	7_1	3452058	3745806	293748	11	55.97	58.94	2.97
dDocent_Contig_1655	dDocent_Contig_8219	2	7_1	2974018	3133577	159559	11	59.37	59.28	0.09
dDocent_Contig_14551	dDocent_Contig_2441	2	7_2	9342170	9284432	57738	21	19.57	19.57	0.00
dDocent_Contig_52792	dDocent_Contig_10808	5	7_2	8598030	8896157	705039	21	24.76	26.62	1.86
dDocent_Contig_21187	dDocent_Contig_114662	2	7_2	1896196	1793778	102418	21	31.87	32.18	0.31
dDocent_Contig_16207	dDocent_Contig_50700	3	7_2	3982681	5504694	1522013	21	35.89	36.06	0.17
dDocent_Contig_33630	dDocent_Contig_23434	2	7_2	6257383	6445383	188000	21	35.89	36.22	0.33
dDocent_Contig_10387	dDocent_Contig_141966	2	7_2	7380303	7348280	32023	21	36.2	35.89	0.31
dDocent_Contig_80702	dDocent_Contig_30634	3	7_2	6093779	5584904	508875	21	37.14	38.67	1.53
dDocent_Contig_255676	dDocent_Contig_46718	2	7_2	11019349	11023350	4001	21	42.41	42.77	0.36
dDocent_Contig_5987	dDocent_Contig_3903	2	7_2	11570085	11639491	69406	21	47.33	47.4	0.07
dDocent_Contig_13269	dDocent_Contig_17935	3	7_2	3189385	3709001	557154	21	50.47	52.03	1.90
dDocent_Contig_138223	dDocent_Contig_3405	2	7_2	997812	1117263	119451	21	53.02	53.02	0.00
dDocent_Contig_123246	dDocent_Contig_8508	2	19	691148	2823217	2132069	7	0	0	0.00
dDocent_Contig_33115	dDocent_Contig_2829	3	19	6927313	5148575	1778738	7	0	2.52	2.52
dDocent_Contig_5023	dDocent_Contig_4056	2	19	3935444	4158242	222798	7	5.25	5	0.25
dDocent_Contig_3156	dDocent_Contig_66601	8	19	7333214	9549492	2216278	7	6.59	10	3.41
dDocent_Contig_30404	dDocent_Contig_8174	2	19	11755522	11864443	108921	7	13.9	13.9	0.00
dDocent_Contig_117913	dDocent_Contig_45279	14	19	10622479	11548824	996050	7	14.05	17.01	2.96
dDocent_Contig_8173	dDocent_Contig_3891	8	19	12527548	13725840	1204798	7	18.25	23.98	5.73
dDocent_Contig_3406	dDocent_Contig_16173	4	19	14573160	15450978	1170391	7	24.09	27.4	3.31
dDocent_Contig_145685	dDocent_Contig_1101	2	19	15968879	15970624	1745	7	28.84	29.95	1.11
dDocent_Contig_3782	dDocent_Contig_129	3	19	17365987	18076396	710409	7	35.33	38.07	2.74
dDocent_Contig_93574	dDocent_Contig_14240	4	19	19509852	19723699	257306	7	39.75	41.65	1.90
dDocent_Contig_35440	dDocent_Contig_175067	6	19	20453238	22408876	1955638	7	42.03	49.56	7.53
dDocent_Contig_183092	dDocent_Contig_113893	5	19	22298279	24499368	2201089	7	50.27	52.99	2.72
dDocent_Contig_159288	dDocent_Contig_21407	2	16-22	23945248	23847895	97353	2	4.95	5.88	0.93
dDocent_Contig_199454	dDocent_Contig_53191	7	16-22	892693	3068745	2176052	2	11.14	14.61	3.47
dDocent_Contig_157554	dDocent_Contig_352570	2	16-22	3720858	3135534	585324	2	15.28	16.99	1.71
dDocent_Contig_16131	dDocent_Contig_43242	3	16-22	4161638	3801344	538044	2	17.32	18.34	1.02
dDocent_Contig_9859	dDocent_Contig_26733	4	16-22	4734304	5575636	946174	2	18.65	20.2	1.86
dDocent_Contig_25996	dDocent_Contig_149361	11	16-22	5790465	8412144	2621679	2	20.82	26.83	6.01
dDocent_Contig_81798	dDocent_Contig_64197	2	16-22	9120449	9679972	559523	2	26.72	28.51	1.79
dDocent_Contig_82625	dDocent_Contig_8769	4	16-22	11270051	10766893	604129	2	30.37	32.63	2.26
dDocent_Contig_9113	dDocent_Contig_16230	2	16-22	9983326	10273444	290118	2	33.22	33.22	0.00
dDocent_Contig_193602	dDocent_Contig_301464	2	16-22	12697759	13016901	319142	2	35.64	35.39	0.25
dDocent_Contig_28297	dDocent_Contig_90063	2	16-22	14242436	13850076	392360	2	38.58	39.35	0.77
dDocent_Contig_36421	dDocent_Contig_355	4	16-22	16145964	15602080	543884	2	45.79	48.23	2.44
dDocent_Contig_273666	dDocent_Contig_8251	2	16-22	16469704	16609102	139398	2	49.21	49.89	0.68
dDocent_Contig_104302	dDocent_Contig_21226	3	16-22	12904040	13916423	1012383	2	52.43	52.59	0.35
dDocent_Contig_89980	dDocent_Contig_48591	3	16-22	15758213	16004367	246154	2	52.22	52.22	0.21
dDocent_Contig_178388	dDocent_Contig_11186	5	16-22	17156666	18144322	987656	2	52.22	53.27	1.05
dDocent_Contig_243672	dDocent_Contig_169085	4	14	1797825	2724808	926983	17	3.74	4.36	0.62
dDocent_Contig_83020	dDocent_Contig_19203	4	14	3361345	3719286	357941	17	5.29	8.44	3.15
dDocent_Contig_6644	dDocent_Contig_7736	2	14	5657637	5915995	258358	17	19.74	21.77	2.03
dDocent_Contig_2497	dDocent_Contig_134913	2	15	18557379	18361782	195597	17	22.69	24.14	1.45
dDocent_Contig_92061	dDocent_Contig_60490	3	15	19475646	19203495	314476	17	25.14	26.84	1.70
dDocent_Contig_9101	dDocent_Contig_21292	9	15	19987749	20801847	1031540	17	26.68	32.08	5.40
dDocent_Contig_26251	dDocent_Contig_5360	4	14	9439943	7562862	1877081	17	42.22	45	2.78
dDocent_Contig_16645	dDocent_Contig_75562	2	14	7377328	7007790	369538	17	46.94	49.5	2.56
dDocent_Contig_8438	dDocent_Contig_135616	3	14	12810251	13276780	466529	17	50.26	54.06	3.80
dDocent_Contig_166840	dDocent_Contig_30025	2	14	12292369	12614417	322048	17	54.93	56.44	1.51
dDocent_Contig_4414	dDocent_Contig_5386	3	14	11908561	10949029	959532	17	58.78	60.19	1.41
dDocent_Contig_91476	dDocent_Contig_30738	3	3	1941604	2784225	1029155	22	3.53	8.46000000000001	4.93
dDocent_Contig_21593	dDocent_Contig_329166	2	3	3424072	3789489	365417	22	8.34	9.28	0.94
dDocent_Contig_16052	dDocent_Contig_113794	2	3	4280572	4327158	46586	22	11.13	11.13	0.00
dDocent_Contig_20095	dDocent_Contig_12291	2	3	3550977	3800778	249801	22	11.89	13.51	1.62
dDocent_Contig_1531	dDocent_Contig_16374	20	3	4867024	12333914	7478383	22	19.37	40	20.63
dDocent_Contig_1626	dDocent_Contig_69113	5	3	13305730	13039340	387892	22	46.28	47.63	1.68
dDocent_Contig_21728	dDocent_Contig_29349	5	3	15076683	15378078	420516	22	49.24	53.08	3.84
dDocent_Contig_28835	dDocent_Contig_49245	3	3	15914550	16659239	744689	22	56.43	56.41	0.33
dDocent_Contig_10820	dDocent_Contig_9496	2	3	16778385	16918883	140498	22	57.44	57.33	0.11
dDocent_Contig_13457	dDocent_Contig_27826	2	3	12818310	12971349	153039	22	59.13	59.13	0.00
dDocent_Contig_62487	dDocent_Contig_111577	5	3	16919425	18187413	1267988	22	59.13	59.13	0.00
dDocent_Contig_53181	dDocent_Contig_6714	3	3	18785386	19841793	1056407	22	59.13	59.13	0.00
dDocent_Contig_35914	dDocent_Contig_55599	2	3	20477018	20608309	131291	22	59.16	59.16	0.00
dDocent_Contig_307589	dDocent_Contig_5988	4	12	9241347	11051568	1810221	1	0	1.54	1.54
dDocent_Contig_6590	dDocent_Contig_164687	13	12	13426498	16038920	2655495	1	1.54	13.88	12.34
dDocent_Contig_65968	dDocent_Contig_62	3	12	16359580	17054683	695103	1	14.56	14.56	0.00
dDocent_Contig_52162	dDocent_Contig_2268	2	12	18140265	17741683	398582	1	15.8	18.4	2.60
dDocent_Contig_55516	dDocent_Contig_319646	2	12	18692754	18906146	213392	1	18.4	18.73	0.33
dDocent_Contig_38328	dDocent_Contig_158022	9	12	19699483	23856950	4157467	1	19.82	27.61	7.79
dDocent_Contig_1291	dDocent_Contig_339848	2	20	2035059	2393686	358627	1	30.97	30.97	0.00
dDocent_Contig_15153	dDocent_Contig_7928	9	12	23994408	25820520	2183911	1	30.97	33.64	2.67
dDocent_Contig_12514	dDocent_Contig_56538	4	12	26197107	26579305	539601	1	33.64	34.5	0.86
dDocent_Contig_32568	dDocent_Contig_311739	2	12	26304823	26284702	20121	1	35.16	35.16	0.00
dDocent_Contig_10881	dDocent_Contig_112195	2	12	27080069	26927528	152541	1	39.79	39.79	0.00
dDocent_Contig_23004	dDocent_Contig_172657	7	12	5631427	6554508	1127443	1	47.61	47.61	0.00
dDocent_Contig_29138	dDocent_Contig_161242	2	12	4992704	4754419	238285	1	50.34	54.43	4.09
dDocent_Contig_183753	dDocent_Contig_165900	2	12	5300025	5408424	108399	1	54.58	54.28	0.30
dDocent_Contig_16360	dDocent_Contig_21235	4	12	1507587	1089747	895222	1	57.08	59.08	2.00
dDocent_Contig_14167	dDocent_Contig_21978	2	18	15928587	16070403	141816	18	5.67	5.67	0.00
dDocent_Contig_4216	dDocent_Contig_27189	3	18	15566232	15197571	368661	18	8.34	11.39	3.05
dDocent_Contig_187802	dDocent_Contig_102544	2	18	16719534	16255330	464204	18	10.72	13.06	2.34
dDocent_Contig_2978	dDocent_Contig_5372	3	18	14380320	14466220	159772	18	15.87	18.01	2.14
dDocent_Contig_165474	dDocent_Contig_134963	3	18	4297345	4047273	250072	18	23.11	23.42	0.31
dDocent_Contig_89892	dDocent_Contig_115070	3	18	3116186	2012780	1103406	18	25.36	29.92	4.56
dDocent_Contig_212866	dDocent_Contig_212830	3	18	3484818	3432937	150750	18	28.94	31.82	2.88
dDocent_Contig_163160	dDocent_Contig_265782	3	18	1611588	2012376	400788	18	33.44	33.44	0.00
dDocent_Contig_29128	dDocent_Contig_9980	2	18	1091022	1142980	51958	18	35.19	35.19	0.00
dDocent_Contig_4533	dDocent_Contig_32458	2	18	6099790	6306738	206948	18	35.19	35.19	0.00
dDocent_Contig_301088	dDocent_Contig_132994	3	18	7576452	8043157	466705	18	35.81	40.15	4.34
dDocent_Contig_19554	dDocent_Contig_186096	2	18	9202026	9164205	37821	18	44.16	44.53	0.37
dDocent_Contig_4245	dDocent_Contig_98348	2	18	8567777	8397588	170189	18	52.28	52.96	0.68
dDocent_Contig_210753	dDocent_Contig_90958	3	18	8687057	8760775	73718	18	54.58	54.58	0.00
dDocent_Contig_20883	dDocent_Contig_93961	2	18	9406233	10247013	840780	18	59.15	64.53	5.38
dDocent_Contig_26071	dDocent_Contig_58685	2	18	11581012	11676081	95069	18	69.89	70.22	0.33
dDocent_Contig_12068	dDocent_Contig_385543	2	18	7484849	7681202	196353	18	71.39	71.39	0.00
dDocent_Contig_2971	dDocent_Contig_149738	2	1	9037496	7981137	1056359	13	0.830000000000002	1.4	0.57
dDocent_Contig_7326	dDocent_Contig_400317	3	1	24913035	24829724	120276	13	3.56	7.69	4.43
dDocent_Contig_108413	dDocent_Contig_14575	2	1	8906406	9298855	392449	13	8.69	11.17	2.48
dDocent_Contig_198003	dDocent_Contig_56128	2	1	9956006	11367289	1411283	13	16.56	16.56	0.00
dDocent_Contig_79522	dDocent_Contig_7106	6	1	11887641	14340875	2453234	13	19.47	25.88	6.41
dDocent_Contig_47561	dDocent_Contig_147070	9	1	19016443	17697521	2368522	13	27.52	31.6	4.08
dDocent_Contig_280139	dDocent_Contig_137371	6	1	16433730	16047726	599674	13	32.15	34.63	2.48
dDocent_Contig_10816	dDocent_Contig_27373	2	1	20753863	21049611	295748	13	40.83	40.58	0.25
dDocent_Contig_43510	dDocent_Contig_75112	3	1	22281505	22504372	373320	13	44.62	46.42	1.80
dDocent_Contig_9384	dDocent_Contig_73664	3	1	6693065	7444344	751279	13	50.09	53.18	3.09
dDocent_Contig_13164	dDocent_Contig_63722	2	1	23409559	23563968	154409	13	53.81	54.58	0.77
dDocent_Contig_20310	dDocent_Contig_386896	3	1	22952590	22954026	208227	13	54.42	57.59	3.17
dDocent_Contig_201958	dDocent_Contig_69859	3	1	3706289	4223023	516734	13	60.32	60.31	0.01
dDocent_Contig_5447	dDocent_Contig_69880	2	1	1378676	1863672	484996	13	62.77	62.77	0.00
dDocent_Contig_83882	dDocent_Contig_57682	2	15	28674378	29049572	375194	16	7.96	7.96	0.00
dDocent_Contig_27644	dDocent_Contig_238701	3	15	30073705	30407430	333725	16	7.96	9.63	1.67
dDocent_Contig_204278	dDocent_Contig_1512	3	15	27872346	28308649	436303	16	13.27	13.27	0.00
dDocent_Contig_7844	dDocent_Contig_56593	3	15	17048483	17759124	710641	16	15.22	17.49	2.27
dDocent_Contig_10873	dDocent_Contig_97611	3	15	23828876	25084582	1416288	16	22.75	22.92	0.43
dDocent_Contig_93946	dDocent_Contig_202930	3	15	22648507	23697867	1049360	16	24	24.31	0.31
dDocent_Contig_53396	dDocent_Contig_137502	4	15	21464956	22197156	755289	16	27.87	28.63	0.76
dDocent_Contig_371139	dDocent_Contig_37785	2	15	10814868	10877120	62252	16	31.28	31.28	0.00
dDocent_Contig_134968	dDocent_Contig_219013	5	15	11420757	11570679	851507	16	31.06	33.12	2.06
dDocent_Contig_58288	dDocent_Contig_331327	5	15	9964558	11204794	1240236	16	33.8	33.43	0.37
dDocent_Contig_282858	dDocent_Contig_16160	3	15	9710848	9592287	748199	16	35.8	36.98	1.18
dDocent_Contig_183123	dDocent_Contig_115366	3	15	6540625	6183695	623791	16	43.43	47.84	4.41
dDocent_Contig_27794	dDocent_Contig_265358	2	15	3013777	3039358	25581	16	50.65	50.65	0.00
dDocent_Contig_208354	dDocent_Contig_12934	8	15	3490949	5364296	1920848	16	58.84	58.84	0.00
dDocent_Contig_378878	dDocent_Contig_63407	5	15	998778	2197057	1208389	16	68.23	68.23	0.00
dDocent_Contig_1580	dDocent_Contig_78148	3	15	5391222	5633777	242555	16	68.23	68.23	0.00
dDocent_Contig_19189	dDocent_Contig_34693	2	6	23505123	23385170	119953	23	4.63	4.94	0.31
dDocent_Contig_40645	dDocent_Contig_18347	3	6	22976499	22775542	424721	23	7.11	9.92	2.81
dDocent_Contig_2375	dDocent_Contig_74727	2	6	23741611	27553948	3812337	23	10.04	10.04	0.00
dDocent_Contig_52023	dDocent_Contig_222349	2	6	22513525	22362026	151499	23	10.6	10.82	0.22
dDocent_Contig_13907	dDocent_Contig_37115	2	6	20886561	22078605	1192044	23	12.09	12.93	0.84
dDocent_Contig_89624	dDocent_Contig_33242	6	6	20990231	19942309	1047922	23	17.45	21.93	4.48
dDocent_Contig_30664	dDocent_Contig_60230	9	6	18946019	18362634	1376346	23	23.79	26.33	2.61
dDocent_Contig_340761	dDocent_Contig_4865	4	6	17159608	16333137	1188375	23	27.48	28.88	1.40
dDocent_Contig_46457	dDocent_Contig_188751	3	6	14664196	15271081	606885	23	29.7	30.2	0.50
dDocent_Contig_35934	dDocent_Contig_36275	4	6	14262673	15222220	959547	23	31.6	31.35	0.25
dDocent_Contig_3449	dDocent_Contig_85985	3	6	13575462	13653207	79653	23	31.82	34.45	2.63
dDocent_Contig_1776	dDocent_Contig_62766	3	6	10158998	11503166	1344168	23	35.77	35.77	0.00
dDocent_Contig_13466	dDocent_Contig_119372	4	6	9732033	9362861	681964	23	40.88	41.91	1.03
dDocent_Contig_43221	dDocent_Contig_61119	3	6	4053921	5883928	1830007	23	44.58	44.58	0.00
dDocent_Contig_17862	dDocent_Contig_18089	4	6	7446457	8618510	1172053	23	44.58	44.22	0.36
dDocent_Contig_100755	dDocent_Contig_35972	2	6	6505240	6148373	356867	23	46.98	48.63	1.65
dDocent_Contig_477	dDocent_Contig_166423	4	6	3657851	1953303	1704548	23	56.12	64.09	7.97
dDocent_Contig_2987	dDocent_Contig_31144	2	13	21215422	22753680	1538258	6	3.8	3.34	0.46
dDocent_Contig_49717	dDocent_Contig_21964	2	13	22590020	22671540	81520	6	4.22	4.22	0.00
dDocent_Contig_41980	dDocent_Contig_397105	3	13	19878554	20790895	988356	6	6.58	6.58	0.46
dDocent_Contig_35519	dDocent_Contig_15805	3	13	18409155	18818040	408885	6	12.12	13.6	1.48
dDocent_Contig_44316	dDocent_Contig_12382	3	13	17199308	17205849	306243	6	16.47	16.81	0.67
dDocent_Contig_8520	dDocent_Contig_19815	3	13	16699963	16964108	380022	6	17.47	17.47	0.00
dDocent_Contig_344040	dDocent_Contig_78852	3	13	16129533	16960103	830570	6	19.55	19.81	0.50
dDocent_Contig_558	dDocent_Contig_41885	2	13	15832372	15954534	122162	6	20.6	20.3	0.30
dDocent_Contig_276086	dDocent_Contig_384998	3	13	15051665	15521389	501402	6	21.11	21.22	0.40
dDocent_Contig_93991	dDocent_Contig_73905	8	13	14346518	13639269	901182	6	21.91	25.12	3.21
dDocent_Contig_58798	dDocent_Contig_193069	3	13	13147507	12772225	375282	6	27.29	28.3	1.01
dDocent_Contig_13705	dDocent_Contig_1052	4	13	10946453	8277429	2669024	6	32.38	34.85	2.47
dDocent_Contig_26491	dDocent_Contig_23746	3	13	6919880	6113773	806107	6	36.47	38.89	2.42
dDocent_Contig_34198	dDocent_Contig_19146	5	13	7839607	6758798	1080809	6	37.28	41.44	4.16
dDocent_Contig_395704	dDocent_Contig_312955	2	13	5186004	5376630	190626	6	44.9	44.9	0.00
dDocent_Contig_25956	dDocent_Contig_13506	2	13	3805601	3978353	172752	6	47.61	47.61	0.00
dDocent_Contig_193448	dDocent_Contig_2643	2	13	3273231	3651768	378537	6	50.31	50.31	0.00
dDocent_Contig_31238	dDocent_Contig_23884	7	13	1896442	740751	1155691	6	52.87	61.84	8.97
dDocent_Contig_169587	dDocent_Contig_105970	5	13	25534311	25336264	1120568	6	63.08	67.34	4.26
dDocent_Contig_205084	dDocent_Contig_92423	4	21	18715950	18738143	152066	3	3.76	4.42	1.28
dDocent_Contig_63898	dDocent_Contig_2388	2	21	16997847	17307387	309540	3	5.66	5.19	0.47
dDocent_Contig_139360	dDocent_Contig_352590	11	21	19246062	20299064	1162708	3	5.35	6.28	1.09
dDocent_Contig_146359	dDocent_Contig_70673	2	21	17204770	17226468	21698	3	8.45	8.45	0.00
dDocent_Contig_25692	dDocent_Contig_20895	3	21	13480728	14154053	673325	3	8.91	8.91	0.00
dDocent_Contig_98083	dDocent_Contig_3011	3	21	17453280	17761823	308543	3	8.76	9.07	0.33
dDocent_Contig_256757	dDocent_Contig_1011	2	21	16498709	16101724	396985	3	11.54	12.77	1.23
dDocent_Contig_283544	dDocent_Contig_25574	2	21	14722857	15974787	1251930	3	16.51	16.67	0.16
dDocent_Contig_12895	dDocent_Contig_12922	2	21	14161225	13613456	547769	3	16.82	17.75	0.93
dDocent_Contig_372229	dDocent_Contig_6233	3	21	11432566	10273317	1159249	3	21.49	24.91	3.42
dDocent_Contig_85008	dDocent_Contig_124556	3	21	7140978	6947762	532741	3	26.88	27.55	0.67
dDocent_Contig_21218	dDocent_Contig_372715	4	21	7719599	8135917	416318	3	27.55	27.7	0.46
dDocent_Contig_47183	dDocent_Contig_374605	2	21	6353326	6546668	193342	3	30.5	30.67	0.17
dDocent_Contig_4858	dDocent_Contig_40222	4	21	6096764	3791527	2305237	3	31.1	35.43	4.33
dDocent_Contig_112373	dDocent_Contig_54366	3	21	3197562	2998018	199544	3	39.8	41.47	1.67
dDocent_Contig_172365	dDocent_Contig_283055	3	21	22543664	27553042	5009378	3	43.48	56.57	13.09
dDocent_Contig_145912	dDocent_Contig_112677	2	20	5729740	5890622	160882	9	10.33	10.33	0.00
dDocent_Contig_22755	dDocent_Contig_384346	2	20	6784485	7180454	395969	9	15.29	15.93	0.64
dDocent_Contig_20683	dDocent_Contig_517	2	20	8230080	8445149	215069	9	16.85	17.47	0.62
dDocent_Contig_4899	dDocent_Contig_101801	2	20	9323028	9509008	185980	9	18.42	18.42	0.00
dDocent_Contig_27419	dDocent_Contig_212609	2	20	10037412	10114412	77000	9	24.92	26.19	1.27
dDocent_Contig_223192	dDocent_Contig_2373	10	20	10765331	13818417	3053086	9	26.94	33.34	6.40
dDocent_Contig_333677	dDocent_Contig_146256	4	20	14200928	15821850	1620922	9	33.15	36.04	2.89
dDocent_Contig_224207	dDocent_Contig_24250	3	20	16921832	16447535	499024	9	38.12	40.41	2.29
dDocent_Contig_17736	dDocent_Contig_2785	6	20	18415346	19560674	1145328	9	40.75	41.08	0.33
dDocent_Contig_280097	dDocent_Contig_11941	5	20	18572278	17459511	1240470	9	42.05	44.85	3.13
dDocent_Contig_6477	dDocent_Contig_106000	3	20	1613176	1579598	163189	9	54.19	56.27	2.08
dDocent_Contig_266400	dDocent_Contig_33552	2	20	22439912	22902148	462236	9	59.33	61.7	2.37
dDocent_Contig_24774	dDocent_Contig_10430	3	20	3104837	3486111	381583	9	63.37	63.7	0.33
dDocent_Contig_114253	dDocent_Contig_78321	2	20	2667142	2546862	120280	9	64.32	78.52	14.20
dDocent_Contig_74741	dDocent_Contig_6811	2	17	4933773	4722175	211598	12	6.97	7.74	0.77
dDocent_Contig_41762	dDocent_Contig_49203	4	17	5522650	5319645	382144	12	8.86	9.75	1.34
dDocent_Contig_20038	dDocent_Contig_4389	2	17	6064491	6173020	108529	12	10.08	10.25	0.17
dDocent_Contig_29713	dDocent_Contig_21587	2	17	4516681	4671353	154672	12	10.41	10.41	0.00
dDocent_Contig_21681	dDocent_Contig_16265	12	17	6538454	8320071	1781617	12	11.49	14.82	3.74
dDocent_Contig_95748	dDocent_Contig_74233	2	17	10035753	8973851	1061902	12	18.54	19.27	0.73
dDocent_Contig_7808	dDocent_Contig_12971	6	17	9864610	12026752	2162142	12	22.18	24.49	2.47
dDocent_Contig_221942	dDocent_Contig_119334	2	17	12348380	13364961	1016581	12	26.72	26.72	0.00
dDocent_Contig_257318	dDocent_Contig_3150	20	17	14451506	20225763	5820610	12	30.94	45.06	14.12
dDocent_Contig_77372	dDocent_Contig_134526	2	17	26770679	27092828	322149	12	45.05	45.05	0.00
dDocent_Contig_91723	dDocent_Contig_22902	8	17	20683030	22692401	2009371	12	46.39	59.39	13.00
dDocent_Contig_92057	dDocent_Contig_203924	2	17	24901984	24861508	40476	12	62.11	62.11	0.00
dDocent_Contig_126711	dDocent_Contig_67109	2	17	24989797	24030142	959655	12	66.91	67.07	0.16
dDocent_Contig_167624	dDocent_Contig_43640	2	17	26796675	26772347	24328	12	67.07	67.41	0.34
dDocent_Contig_118765	dDocent_Contig_56370	2	17	25409666	24967064	442602	12	68.24	68.92	0.68
dDocent_Contig_319453	dDocent_Contig_8855	2	23	15819325	15986854	167529	15	2.67	2.67	0.00
dDocent_Contig_128151	dDocent_Contig_104204	3	23	6180551	5693039	487512	15	3.96	9.27	5.31
dDocent_Contig_17057	dDocent_Contig_189129	2	23	14734769	15333770	599001	15	9.27	9.27	0.00
dDocent_Contig_25887	dDocent_Contig_50732	4	23	5544303	5232415	443624	15	9.57	18.54	8.97
dDocent_Contig_26381	dDocent_Contig_79551	4	23	8777955	9690176	1059674	15	21.94	24.12	2.18
dDocent_Contig_12143	dDocent_Contig_2478	3	23	10973947	10975595	150370	15	29.7	31.86	2.16
dDocent_Contig_30071	dDocent_Contig_243491	6	23	11720863	13394035	1962450	15	30.83	37.23	6.40
dDocent_Contig_360249	dDocent_Contig_294967	2	23	13405657	13893802	488145	15	39.31	44.04	4.73
dDocent_Contig_17365	dDocent_Contig_304969	2	23	1274542	1853865	579323	15	58.76	58.76	0.00
dDocent_Contig_11136	dDocent_Contig_95051	6	23	593325	714263	713715	15	60.77	73.68	12.91
dDocent_Contig_15093	dDocent_Contig_53537	5	9	18595888	18197843	728802	14	1.11	4.33	3.22
dDocent_Contig_30074	dDocent_Contig_23998	2	9	17293801	17644090	350289	14	6.81	7.26999999999999	0.46
dDocent_Contig_378632	dDocent_Contig_97542	2	9	16630578	16702864	72286	14	8.69	8.69	0.00
dDocent_Contig_17818	dDocent_Contig_11849	2	9	17622003	17634514	12511	14	8.69	8.97	0.28
dDocent_Contig_306535	dDocent_Contig_250683	3	9	16870233	16783863	86370	14	9.48	9.9	0.42
dDocent_Contig_12730	dDocent_Contig_13057	6	9	14829263	13270715	1674538	14	14	18.53	4.53
dDocent_Contig_1745	dDocent_Contig_121057	4	9	12978904	12750215	270162	14	19.68	21.36	1.68
dDocent_Contig_9983	dDocent_Contig_9310	2	9	11607284	12465759	858475	14	22.6	22.79	0.19
dDocent_Contig_146769	dDocent_Contig_10950	2	9	10406178	9740657	665521	14	24.6	26.87	2.27
dDocent_Contig_87663	dDocent_Contig_8427	3	9	10431690	9488341	943349	14	29.44	31.96	2.52
dDocent_Contig_8979	dDocent_Contig_21841	5	9	6776288	9118205	2839972	14	35.67	36.62	1.28
dDocent_Contig_61920	dDocent_Contig_406	2	9	2746236	3146102	399866	14	37.12	37.12	0.00
dDocent_Contig_1470	dDocent_Contig_39544	2	9	6119650	5907353	212297	14	37.29	37.96	0.67
dDocent_Contig_14186	dDocent_Contig_167913	2	9	3900075	4993033	1092958	14	39.99	42.72	2.73
dDocent_Contig_52068	dDocent_Contig_11636	5	2	16949118	18939319	1990201	20	18.22	18.37	0.15
dDocent_Contig_12108	dDocent_Contig_63358	9	2	19494367	22392531	2898164	20	20.72	23.21	2.49
dDocent_Contig_22454	dDocent_Contig_25863	3	2	23064198	24537807	1473609	20	23.73	25.37	1.64
dDocent_Contig_44421	dDocent_Contig_114962	2	2	24575049	24862993	287944	20	26.33	28.17	1.84
dDocent_Contig_233714	dDocent_Contig_4468	3	2	25924651	26087939	226943	20	28.17	28.17	0.00
dDocent_Contig_376782	dDocent_Contig_20987	3	2	27135398	26634652	970084	20	28.17	28.32	0.31
dDocent_Contig_29532	dDocent_Contig_17991	6	2	27559859	28428557	1018359	20	30.02	30.33	0.31
dDocent_Contig_269535	dDocent_Contig_15918	2	2	28637058	29119153	482095	20	31.26	31.26	0.00
dDocent_Contig_11448	dDocent_Contig_288916	11	2	172336	3058409	2886073	20	32.49	37.13	4.64
dDocent_Contig_121559	dDocent_Contig_13865	4	2	3931629	3928334	581268	20	37.13	39.29	2.16
dDocent_Contig_167474	dDocent_Contig_301658	2	2	9974166	10341284	367118	20	40.05	39.92	0.13
dDocent_Contig_153650	dDocent_Contig_166590	2	2	6311820	6146998	164822	20	40.92	43.62	2.70
dDocent_Contig_115097	dDocent_Contig_278262	2	2	8678419	9125831	447412	20	46.04	47.87	1.83
dDocent_Contig_37716	dDocent_Contig_154461	2	2	9133816	9066014	67802	20	52.15	52.15	0.00
dDocent_Contig_7179	dDocent_Contig_15034	2	2	10797889	10856246	58357	20	51.65	51.65	0.00
dDocent_Contig_99714	dDocent_Contig_178579	2	2	9304825	9950441	645616	20	65.98	65.67	0.31
dDocent_Contig_24905	dDocent_Contig_90331	2	2	13872658	13673036	199622	20	65.98	67.95	1.97
dDocent_Contig_220734	dDocent_Contig_6727	3	24	5156753	4299847	856906	8	2.39	10.5	8.11
dDocent_Contig_349748	dDocent_Contig_162769	3	24	3741381	3833182	230938	8	10.93	12.96	2.03
dDocent_Contig_61319	dDocent_Contig_79351	2	24	2553089	3266277	713188	8	15.92	15.92	0.00
dDocent_Contig_380845	dDocent_Contig_1533	3	24	1314998	2151122	836124	8	17.02	19.66	2.64
dDocent_Contig_36018	dDocent_Contig_38092	3	24	1109140	1357401	248261	8	20.73	20.88	0.30
dDocent_Contig_9303	dDocent_Contig_3538	3	24	601581	455718	229102	8	21.96	22.73	0.77
dDocent_Contig_339791	dDocent_Contig_68700	2	24	7458807	8347387	888580	8	22.73	22.73	0.00
dDocent_Contig_132912	dDocent_Contig_197543	3	24	7129780	7274399	144619	8	25.6	26.72	1.12
dDocent_Contig_6004	dDocent_Contig_28007	10	24	8584834	10371745	1813799	8	27.54	33.78	6.24
dDocent_Contig_157649	dDocent_Contig_133980	5	24	10755845	11103710	480128	8	33.78	33.78	0.00
dDocent_Contig_4428	dDocent_Contig_86623	3	24	11569709	11406550	163159	8	33.78	33.78	0.00
dDocent_Contig_7007	dDocent_Contig_60550	2	24	10945055	10934123	10932	8	36.52	36.52	0.00
dDocent_Contig_57603	dDocent_Contig_85444	3	24	11379529	11723054	343525	8	37.75	38.68	0.93
dDocent_Contig_22362	dDocent_Contig_358491	2	24	12980171	13029350	49179	8	42.4	42.71	0.31
dDocent_Contig_356616	dDocent_Contig_249952	2	24	14032739	13408262	624477	8	43.33	44.25	0.92
dDocent_Contig_192305	dDocent_Contig_16582	3	24	14240108	14367534	405524	8	45.8	49.2	3.40
dDocent_Contig_363947	dDocent_Contig_31830	3	24	16292014	17336505	1044491	8	49.2	51.54	2.34
dDocent_Contig_51600	dDocent_Contig_202990	2	24	17813424	17861226	47802	8	61.35	61.86	0.51
dDocent_Contig_326304	dDocent_Contig_128759	2	24	15409348	15642398	233050	8	62.35	64.69	2.34
dDocent_Contig_245481	dDocent_Contig_307315	7	24	18290068	18623039	1223157	8	64.23	72.57	8.34
dDocent_Contig_163522	dDocent_Contig_4352	2	5	27812550	28200031	387481	4	4.9	4.96	0.06
dDocent_Contig_41324	dDocent_Contig_379124	8	5	26276227	24357842	1918385	4	5.83	12.39	6.56
dDocent_Contig_81426	dDocent_Contig_62299	2	5	22624616	22642350	17734	4	16.12	17.12	1.00
dDocent_Contig_21444	dDocent_Contig_7650	2	5	27279582	27307706	28124	4	18.58	20.72	2.14
dDocent_Contig_1288	dDocent_Contig_5715	7	5	20950999	21733018	879006	4	22.43	23.54	1.50
dDocent_Contig_9019	dDocent_Contig_47042	4	5	20543716	18127159	2416557	4	24.6	28.63	4.03
dDocent_Contig_17369	dDocent_Contig_23502	6	5	16948299	15677406	1505705	4	30.16	36.55	6.39
dDocent_Contig_132541	dDocent_Contig_289693	8	5	14647038	11953867	3025646	4	37.63	44.17	6.85
dDocent_Contig_172625	dDocent_Contig_63835	4	5	6814977	7243295	429950	4	48.29	50.32	2.36
dDocent_Contig_98560	dDocent_Contig_27435	5	5	8702302	8335367	556162	4	51.63	55.27	3.64
dDocent_Contig_105544	dDocent_Contig_15402	2	5	4382375	3637437	744938	4	63.92	66.22	2.30
dDocent_Contig_221197	dDocent_Contig_24841	2	5	7276980	8294502	1017522	4	66.53	66.53	0.00
dDocent_Contig_359613	dDocent_Contig_213988	3	5	698401	1881227	1182826	4	73.22	73.56	0.34
dDocent_Contig_109281	dDocent_Contig_86989	2	5	3050472	2411809	638663	4	72.89	76.28	3.39
dDocent_Contig_20111	dDocent_Contig_14449	8	10	23893363	26159972	2266609	24	0	0	0.00
dDocent_Contig_188738	dDocent_Contig_225171	6	10	18186494	18934074	747580	24	3.39	6.11	3.39
dDocent_Contig_54103	dDocent_Contig_27564	7	10	19260978	20989272	1899767	24	7.71	10.81	3.10
dDocent_Contig_58061	dDocent_Contig_9630	3	10	17253749	17027859	428071	24	11.21	12.65	1.44
dDocent_Contig_3207	dDocent_Contig_48858	4	10	15036189	16242813	1206624	24	12.91	15.24	2.33
dDocent_Contig_17401	dDocent_Contig_8809	2	10	16371549	16514807	143258	24	16.01	17.28	1.27
dDocent_Contig_5061	dDocent_Contig_297018	3	10	12929021	13066230	363117	24	19.3	20.49	1.50
dDocent_Contig_650	dDocent_Contig_113263	2	10	12417814	12291938	125876	24	22.03	22.03	0.00
dDocent_Contig_2205	dDocent_Contig_392339	5	10	11864960	10498055	1618304	24	22.34	26.89	4.55
dDocent_Contig_5435	dDocent_Contig_79800	4	10	9993261	10352101	467219	24	27.75	27.75	0.00
dDocent_Contig_19428	dDocent_Contig_25110	4	10	9638774	10018527	379753	24	28.43	28.43	0.00
dDocent_Contig_22046	dDocent_Contig_216625	5	10	8446511	8397886	163159	24	29.43	31.24	1.81
dDocent_Contig_78605	dDocent_Contig_133863	2	10	6953792	7450444	496652	24	33.9	35.25	1.35
dDocent_Contig_22395	dDocent_Contig_324047	7	10	5634753	6204563	1584461	24	37.15	45.76	8.61
dDocent_Contig_47122	dDocent_Contig_131719	2	10	3624455	3847577	223122	24	49.15	49.15	0.00
dDocent_Contig_16209	dDocent_Contig_147850	3	10	3699320	3816977	117657	24	54.67	55.79	1.12
dDocent_Contig_34060	dDocent_Contig_13350	4	4	23957559	23022851	1286505	10	2.14	11.28	9.14
dDocent_Contig_9013	dDocent_Contig_2154	2	4	21965453	21567821	397632	10	11.59	12.64	1.05
dDocent_Contig_68790	dDocent_Contig_64895	4	4	20600564	20738231	726592	10	14.7	17.16	2.46
dDocent_Contig_12674	dDocent_Contig_23830	2	4	19446371	19580565	134194	10	19.91	19.57	0.34
dDocent_Contig_21319	dDocent_Contig_118320	3	4	18896599	19340845	444246	10	20.59	20.25	0.34
dDocent_Contig_18188	dDocent_Contig_79517	4	4	18314698	18100870	542464	10	22.01	23.58	1.57
dDocent_Contig_274264	dDocent_Contig_3559	3	4	16331663	15646305	817584	10	28.53	30.06	1.53
dDocent_Contig_22346	dDocent_Contig_74477	2	4	14427103	15542751	1115648	10	32.54	32.81	0.27
dDocent_Contig_172611	dDocent_Contig_14506	2	4	11921922	12188973	267051	10	34.61	34.61	0.00
dDocent_Contig_30483	dDocent_Contig_27437	2	4	11496924	11890614	393690	10	35.39	35.39	0.00
dDocent_Contig_51425	dDocent_Contig_73753	4	4	13359000	13498402	228894	10	35.39	35.39	0.00
dDocent_Contig_20609	dDocent_Contig_54778	2	4	11316663	11599269	282606	10	35.94	38.5	2.56
dDocent_Contig_50518	dDocent_Contig_719	2	4	10220321	10321130	100809	10	39	38.57	0.43
dDocent_Contig_21480	dDocent_Contig_48250	4	4	10888894	10361784	958028	10	39.12	41.28	2.16
dDocent_Contig_129569	dDocent_Contig_34	3	4	9624542	9630308	260625	10	40.76	43.14	2.69
dDocent_Contig_51099	dDocent_Contig_394960	2	4	8776418	9143797	367379	10	43.81	43.81	0.00
dDocent_Contig_20865	dDocent_Contig_15311	2	4	6885349	8694999	1809650	10	49.4	52.27	2.87
dDocent_Contig_73600	dDocent_Contig_10572	2	4	6157843	5414119	743724	10	52.81	53.56	0.75
dDocent_Contig_384622	dDocent_Contig_53830	4	4	3699498	4728230	1028732	10	57.12	58.39	1.27
dDocent_Contig_305441	dDocent_Contig_57288	2	4	3129044	1573324	1555720	10	59.85	61.91	2.06
dDocent_Contig_25808	dDocent_Contig_228442	2	4	3390678	3229568	161110	10	62.78	64.32	1.54
dDocent_Contig_85692	dDocent_Contig_40726	2	11	21655992	22942145	1286153	19	3.77999999999999	3.77999999999999	0.00
dDocent_Contig_348	dDocent_Contig_187344	4	11	1906989	2211281	376082	19	5.09	7.48999999999999	2.40
dDocent_Contig_5918	dDocent_Contig_196795	2	11	1874471	1393527	480944	19	8.09999999999999	9.02999999999999	0.93
dDocent_Contig_153620	dDocent_Contig_59623	2	11	2743392	3199553	456161	19	9.64999999999999	10.78	1.13
dDocent_Contig_2844	dDocent_Contig_13244	10	11	3294770	8896844	5703811	19	11.48	22.55	11.07
dDocent_Contig_229164	dDocent_Contig_281	4	11	9520079	9541941	420917	19	23.21	24.27	1.06
dDocent_Contig_91218	dDocent_Contig_5747	2	11	10310216	9926116	384100	19	24.55	25.35	0.80
dDocent_Contig_276307	dDocent_Contig_39270	2	11	10960363	11137751	177388	19	26.12	28.22	2.10
dDocent_Contig_9844	dDocent_Contig_63273	3	11	12848056	12518424	450571	19	29.52	30.6	1.08
dDocent_Contig_197331	dDocent_Contig_14848	8	11	13935379	15355945	1496258	19	30.96	36.43	5.64
dDocent_Contig_33971	dDocent_Contig_374147	3	11	16333469	16568234	781111	19	37.35	41.33	3.98
dDocent_Contig_31027	dDocent_Contig_134784	3	11	17386343	18410043	1023700	19	41.33	47.3	5.97
dDocent_Contig_324292	dDocent_Contig_137743	3	11	18590076	18877232	287156	19	47.96	51.67	3.71
dDocent_Contig_182302	dDocent_Contig_180392	6	8	3847546	5376822	1529276	5	5.31	7.78	2.47
dDocent_Contig_698	dDocent_Contig_73723	12	8	5995415	8626264	2675629	5	8.41	22.92	14.51
dDocent_Contig_117020	dDocent_Contig_44547	2	8	13573980	13594694	20714	5	25.61	25.61	0.00
dDocent_Contig_11380	dDocent_Contig_105322	7	8	11244322	10570551	767927	5	27.34	31.18	3.90
dDocent_Contig_276420	dDocent_Contig_61696	6	8	15750039	17147269	1403971	5	30.83	33.66	2.83
dDocent_Contig_36330	dDocent_Contig_325432	10	8	17915773	19132435	1715615	5	37.02	41.85	4.83
dDocent_Contig_352629	dDocent_Contig_92932	3	8	20176262	20433561	257299	5	43.71	49.76	6.05
dDocent_Contig_399470	dDocent_Contig_34072	2	8	22438059	22258421	179638	5	51.68	52.35	0.67
dDocent_Contig_4163	dDocent_Contig_38257	12	8	20981357	22925996	1944639	5	56.19	55.86	0.33
dDocent_Contig_17645	dDocent_Contig_29581	2	8	21282738	21237529	45209	5	58.67	58.67	0.00
dDocent_Contig_104270	dDocent_Contig_221136	2	8	23931947	24091465	159518	5	58.67	58.67	0.00
dDocent_Contig_25202	dDocent_Contig_1254	3	8	25150600	25427462	276862	5	63.6	66.74	3.14
