START_LOCUS	END_LOCUS	NUM_LOCI	COMP_CHR	COMP_START	COMP_END	COMP_SIZE	MAP_LG	MAP_START	MAP_END	MAP_SIZE
dDocent_Contig_187281	dDocent_Contig_5207	3	2	7101426	7759010	657584	11	6.76	6.76	0.00
dDocent_Contig_236367	dDocent_Contig_5401	2	2	5746870	6824278	1077408	11	8.38	8.69	0.31
dDocent_Contig_56798	dDocent_Contig_152405	2	2	7682519	8067930	385411	11	9.31	9.3	0.01
dDocent_Contig_14391	dDocent_Contig_70827	4	2	618697	825202	269919	11	9.92	10.85	0.93
dDocent_Contig_31792	dDocent_Contig_7065	7	2	913102	2141136	1228034	11	16.59	19.64	3.05
dDocent_Contig_89	dDocent_Contig_101762	11	2	3136737	4417723	1361115	11	21.32	25.33	4.01
dDocent_Contig_19168	dDocent_Contig_56340	8	2	14832864	15320911	681536	11	25.25	27.02	2.02
dDocent_Contig_31290	dDocent_Contig_229737	2	2	16628953	16727207	98254	11	28.86	29.53	0.67
dDocent_Contig_59488	dDocent_Contig_958	7	2	14614056	13849656	764400	11	30.44	34.21	3.77
dDocent_Contig_104757	dDocent_Contig_25556	2	2	11890868	12043358	152490	11	36.88	36.88	0.00
dDocent_Contig_382081	dDocent_Contig_6698	2	2	12936604	12869502	67102	11	37.11	37.73	0.62
dDocent_Contig_59935	dDocent_Contig_74363	2	2	11966440	12165997	199557	11	37.55	41.75	4.20
dDocent_Contig_190056	dDocent_Contig_272119	4	2	11189583	10676723	640591	11	44.22	44.61	0.39
dDocent_Contig_8373	dDocent_Contig_126668	4	2	8337140	9056311	719171	11	45.77	45.77	0.00
dDocent_Contig_65087	dDocent_Contig_43813	2	2	10402449	10211307	191142	11	45.77	49.89	4.12
dDocent_Contig_69792	dDocent_Contig_182805	2	2	8812155	8942391	130236	11	49.89	50.9	1.01
dDocent_Contig_197457	dDocent_Contig_15214	3	2	17565355	18256555	691200	11	51.02	54.42	3.40
dDocent_Contig_32350	dDocent_Contig_276335	2	2	18340192	18124895	215297	11	55.97	58.94	2.97
dDocent_Contig_15415	dDocent_Contig_19697	2	2	17066487	17077857	11370	11	59.28	59.28	0.00
dDocent_Contig_8219	dDocent_Contig_79376	3	2	18568726	18903518	334792	11	59.28	59.28	0.09
dDocent_Contig_9250	dDocent_Contig_212542	2	2	19104399	19169922	65523	11	61.55	61.55	0.00
dDocent_Contig_209851	dDocent_Contig_138918	2	2	10385578	10626585	241007	11	63.89	63.89	0.00
dDocent_Contig_28149	dDocent_Contig_24873	2	2	19138239	19242720	104481	11	63.74	64.05	0.31
dDocent_Contig_17190	dDocent_Contig_154959	2	14	1334084	1777841	443757	21	1.68	8.79	7.11
dDocent_Contig_202281	dDocent_Contig_31850	4	14	7600223	7571009	49438	21	19.57	22.66	3.09
dDocent_Contig_40114	dDocent_Contig_362956	3	14	6526225	6632087	225161	21	25.44	26.31	0.87
dDocent_Contig_46295	dDocent_Contig_10808	2	14	6947615	7202853	255238	21	26.62	26.62	0.00
dDocent_Contig_2638	dDocent_Contig_1408	2	14	6493756	5608320	885436	21	26.92	28.16	1.24
dDocent_Contig_30678	dDocent_Contig_125660	3	14	3267972	3734941	466969	21	30.16	30.16	0.00
dDocent_Contig_21187	dDocent_Contig_114662	2	14	2901551	2791161	110390	21	31.87	32.18	0.31
dDocent_Contig_236388	dDocent_Contig_15689	2	14	4322043	4377467	55424	21	33.1	33.72	0.62
dDocent_Contig_10429	dDocent_Contig_128885	2	14	8617654	8591760	25894	21	33.87	33.87	0.00
dDocent_Contig_33630	dDocent_Contig_23434	2	14	29452	199409	169957	21	35.89	36.22	0.33
dDocent_Contig_80702	dDocent_Contig_360054	2	14	558424	463990	94434	21	37.14	38.07	0.93
dDocent_Contig_1613	dDocent_Contig_30634	2	14	730002	926366	196364	21	37.75	38.67	0.92
dDocent_Contig_8341	dDocent_Contig_50172	2	14	2348626	2381993	33367	21	39.92	39.92	0.00
dDocent_Contig_168096	dDocent_Contig_27828	2	14	8085090	8224180	139090	21	42.08	41.91	0.17
dDocent_Contig_255676	dDocent_Contig_46718	2	14	7976483	7974698	1785	21	42.41	42.77	0.36
dDocent_Contig_14981	dDocent_Contig_157143	7	14	8697504	8982694	811493	21	47.4	50.64	3.31
dDocent_Contig_18700	dDocent_Contig_27406	3	14	9517686	10098028	580342	21	50.8	52.71	1.91
dDocent_Contig_3405	dDocent_Contig_118429	4	14	10345624	10443680	146282	21	53.02	52.71	0.31
dDocent_Contig_33115	dDocent_Contig_17281	2	8	15417181	15682223	265042	7	0	0	0.00
dDocent_Contig_22103	dDocent_Contig_2829	2	8	10069543	10332951	263408	7	1.91	2.52	0.61
dDocent_Contig_15637	dDocent_Contig_4056	3	8	6613860	6422839	411621	7	2.22	5	3.03
dDocent_Contig_39587	dDocent_Contig_263885	2	8	4484492	4936938	452446	7	5.92	5.97	0.05
dDocent_Contig_176664	dDocent_Contig_45189	6	8	4210315	5095168	884853	7	6.76	6.59	0.17
dDocent_Contig_237691	dDocent_Contig_3156	3	8	5361739	5523928	190874	7	6.92	6.59	0.33
dDocent_Contig_244722	dDocent_Contig_238170	2	8	14537559	14923942	386383	7	10.5	10.34	0.16
dDocent_Contig_8174	dDocent_Contig_30404	2	8	12737036	12851766	114730	7	13.9	13.9	0.00
dDocent_Contig_15664	dDocent_Contig_124590	5	8	14093724	13851074	242650	7	13.74	15.59	1.85
dDocent_Contig_55735	dDocent_Contig_124000	4	8	13197072	13544194	347122	7	16.25	15.91	0.34
dDocent_Contig_1884	dDocent_Contig_1622	3	8	13010598	13435132	424534	7	16.55	16.55	0.13
dDocent_Contig_45279	dDocent_Contig_263524	2	8	13083306	13255905	172599	7	17.01	16.98	0.03
dDocent_Contig_48412	dDocent_Contig_62600	3	8	11973300	12115829	142529	7	18.25	18.25	0.00
dDocent_Contig_42202	dDocent_Contig_19091	3	8	11695085	11500584	194501	7	20.1	22.14	2.04
dDocent_Contig_189819	dDocent_Contig_291844	8	2	19536790	20381930	845140	7	22.14	26.32	4.18
dDocent_Contig_35440	dDocent_Contig_14595	3	8	3347028	2991532	355496	7	42.03	44.63	2.60
dDocent_Contig_79174	dDocent_Contig_4505	6	8	2434515	2368264	276774	7	43.11	49.25	6.14
dDocent_Contig_175067	dDocent_Contig_183092	3	8	2643025	2594774	66074	7	49.56	50.27	0.71
dDocent_Contig_30202	dDocent_Contig_113893	2	8	1014221	489146	525075	7	50.64	52.99	2.35
dDocent_Contig_60276	dDocent_Contig_12798	5	8	916435	1109155	308143	7	52.99	53.61	0.62
dDocent_Contig_2517	dDocent_Contig_305886	4	3	622889	2213310	1590421	2	0.62	3.4	2.78
dDocent_Contig_12908	dDocent_Contig_13252	2	3	2895710	2690787	204923	2	4.64	4.64	0.00
dDocent_Contig_159288	dDocent_Contig_21007	4	3	3095131	3814560	719429	2	4.95	6.81	1.86
dDocent_Contig_6142	dDocent_Contig_100914	2	3	2464603	2834392	369789	2	10.23	10.23	0.00
dDocent_Contig_103393	dDocent_Contig_242472	10	3	5023131	6853241	2192986	2	10.23	13.8	3.57
dDocent_Contig_13127	dDocent_Contig_352570	2	3	6847951	7292249	444298	2	15.31	16.99	1.68
dDocent_Contig_16131	dDocent_Contig_43242	3	3	15889689	15522224	561123	2	17.32	18.34	1.02
dDocent_Contig_21940	dDocent_Contig_26733	5	3	16601001	17379975	980151	2	18.65	20.2	1.86
dDocent_Contig_25996	dDocent_Contig_274701	7	3	17612334	18452052	839718	2	20.82	22.79	1.97
dDocent_Contig_129880	dDocent_Contig_149361	6	3	19501259	20249091	794228	2	24.95	26.83	1.88
dDocent_Contig_81798	dDocent_Contig_64197	2	3	20951278	21501032	549754	2	26.72	28.51	1.79
dDocent_Contig_82625	dDocent_Contig_16230	6	3	23030788	22049318	1247946	2	30.37	33.22	2.85
dDocent_Contig_301464	dDocent_Contig_234716	2	3	14674785	14805451	130666	2	35.39	35.95	0.56
dDocent_Contig_57989	dDocent_Contig_91847	2	3	13356775	13637666	280891	2	40.55	40.63	0.08
dDocent_Contig_130418	dDocent_Contig_355	6	3	11378650	11969636	764694	2	45.79	48.23	2.74
dDocent_Contig_58266	dDocent_Contig_29194	2	3	11008278	11170112	161834	2	49.06	49.06	0.00
dDocent_Contig_273666	dDocent_Contig_8251	2	3	12181336	12308424	127088	2	49.21	49.89	0.68
dDocent_Contig_206761	dDocent_Contig_12561	3	3	9556682	9720028	187465	2	52.43	52.59	0.18
dDocent_Contig_52625	dDocent_Contig_89980	3	3	11618320	11837505	219545	2	52.43	52.22	0.21
dDocent_Contig_178388	dDocent_Contig_841	3	3	12702087	12970718	268631	2	52.22	52.26	0.04
dDocent_Contig_21226	dDocent_Contig_75304	2	3	13866996	14382900	515904	2	52.59	52.24	0.35
dDocent_Contig_11186	dDocent_Contig_308594	5	3	9789932	10436306	715169	2	53.27	54.96	1.69
dDocent_Contig_159654	dDocent_Contig_126987	2	9	2155769	1710253	445516	17	2	2.5	0.50
dDocent_Contig_243672	dDocent_Contig_80895	2	9	998837	1045649	46812	17	3.74	3.74	0.00
dDocent_Contig_21227	dDocent_Contig_400071	6	9	2662372	3579305	1006544	17	3.74	5.12	1.38
dDocent_Contig_83020	dDocent_Contig_19203	4	9	906723	548987	357736	17	5.29	8.44	3.15
dDocent_Contig_57412	dDocent_Contig_377556	2	9	7416818	7152737	264081	17	15.05	17.71	2.66
dDocent_Contig_6644	dDocent_Contig_21045	3	9	7971571	8181150	209579	17	19.74	21.77	2.03
dDocent_Contig_282730	dDocent_Contig_60490	3	9	4642949	4828230	185281	17	26.12	26.84	0.72
dDocent_Contig_9101	dDocent_Contig_24719	8	9	5631694	6078194	666624	17	26.68	30.55	3.87
dDocent_Contig_21292	dDocent_Contig_284156	2	9	6434507	6636934	202427	17	32.08	38.5	6.42
dDocent_Contig_26251	dDocent_Contig_313224	3	9	10243885	10034140	210357	17	42.22	42.84	0.62
dDocent_Contig_10333	dDocent_Contig_115658	7	9	11130113	11661350	670800	17	45	49.01	4.50
dDocent_Contig_1688	dDocent_Contig_22448	2	9	10994930	10838470	156460	17	49.94	50.26	0.32
dDocent_Contig_8986	dDocent_Contig_8438	2	9	12622905	12679279	56374	17	50.26	50.26	0.00
dDocent_Contig_17011	dDocent_Contig_135616	3	9	12308802	12372435	264459	17	51.5	54.06	2.56
dDocent_Contig_73256	dDocent_Contig_30025	3	9	12784302	12815308	241570	17	54.31	56.44	2.13
dDocent_Contig_121543	dDocent_Contig_261202	2	9	13066752	13083431	16679	17	57.12	57.45	0.33
dDocent_Contig_269043	dDocent_Contig_5697	4	9	13114506	13385828	271322	17	58.45	59.26	1.15
dDocent_Contig_394281	dDocent_Contig_5386	3	9	13642737	13505406	319079	17	59.88	60.19	0.62
dDocent_Contig_9953	dDocent_Contig_31678	2	9	13915381	14422202	506821	17	60.12	60.79	0.67
dDocent_Contig_91476	dDocent_Contig_21593	5	22	18398437	16816148	1582289	22	3.53	8.34	4.81
dDocent_Contig_30738	dDocent_Contig_34420	2	22	17493493	17231666	261827	22	8.46000000000001	10.49	2.03
dDocent_Contig_16492	dDocent_Contig_113794	3	22	15731477	15955813	275754	22	11.75	11.13	0.62
dDocent_Contig_38972	dDocent_Contig_12291	3	22	16865771	16444578	421193	22	11.49	13.51	2.02
dDocent_Contig_45043	dDocent_Contig_18354	8	22	15753396	15033438	1197001	22	17.6	22.06	4.46
dDocent_Contig_74020	dDocent_Contig_205530	4	22	14124577	14698506	623298	22	25.13	27.27	2.14
dDocent_Contig_16603	dDocent_Contig_169586	2	22	12003900	12259834	255934	22	34.31	34.31	0.00
dDocent_Contig_45756	dDocent_Contig_3534	3	22	11530186	11862069	331883	22	35.11	34.71	0.40
dDocent_Contig_91748	dDocent_Contig_303916	2	22	11069989	10509879	560110	22	35.97	37.22	1.25
dDocent_Contig_183196	dDocent_Contig_368549	4	22	9519936	10369659	849723	22	37.83	37.83	0.17
dDocent_Contig_107634	dDocent_Contig_620	2	22	9144931	9549930	404999	22	38.58	38.58	0.00
dDocent_Contig_12988	dDocent_Contig_44483	4	22	8647535	8636366	722165	22	39.69	39.84	0.31
dDocent_Contig_11361	dDocent_Contig_15338	3	22	8603365	7817352	786013	22	41.52	45.62	4.10
dDocent_Contig_69113	dDocent_Contig_65255	5	22	7305435	7569255	263820	22	47.63	47.96	0.33
dDocent_Contig_21728	dDocent_Contig_100222	6	22	5870863	4887566	983297	22	49.24	54.09	4.85
dDocent_Contig_49245	dDocent_Contig_28835	4	22	4179575	4777674	598099	22	56.41	56.43	0.33
dDocent_Contig_9496	dDocent_Contig_10820	2	22	3962406	4082471	120065	22	57.33	57.44	0.11
dDocent_Contig_55599	dDocent_Contig_111577	12	22	1237899	3025436	1868100	22	59.16	59.13	0.03
dDocent_Contig_37992	dDocent_Contig_62487	4	22	3423206	3962063	538857	22	59.13	59.13	0.00
dDocent_Contig_11765	dDocent_Contig_13457	3	22	7405625	7515296	144930	22	59.13	59.13	0.00
dDocent_Contig_143960	dDocent_Contig_273405	2	22	465647	641011	175364	22	59.78	59.78	0.00
dDocent_Contig_33993	dDocent_Contig_18848	3	1	4826896	5917825	1090929	1	1.54	1.54	0.00
dDocent_Contig_39959	dDocent_Contig_235337	3	1	14457480	14414743	275511	1	1.54	1.86	0.32
dDocent_Contig_32522	dDocent_Contig_1897	2	1	13266966	13478485	211519	1	7.97	7.98	0.01
dDocent_Contig_1574	dDocent_Contig_46447	6	1	12216683	13439371	1222688	1	9.31	8.98	0.33
dDocent_Contig_164687	dDocent_Contig_651	7	1	10828898	12640146	2003221	1	13.88	13.88	0.00
dDocent_Contig_62	dDocent_Contig_65968	4	1	9824961	10504902	679941	1	14.56	14.56	0.00
dDocent_Contig_52162	dDocent_Contig_238996	4	1	8723937	8291909	513610	1	15.8	18.4	2.60
dDocent_Contig_320578	dDocent_Contig_37660	2	1	16275613	16534664	259051	1	19.82	19.82	0.00
dDocent_Contig_139762	dDocent_Contig_87617	3	1	15721663	16067128	345465	1	21.36	21.36	0.00
dDocent_Contig_92949	dDocent_Contig_352327	2	1	15004011	14944927	59084	1	23.58	23.58	0.00
dDocent_Contig_15840	dDocent_Contig_35436	4	1	26422808	27032365	616137	1	23.77	24.44	0.67
dDocent_Contig_4687	dDocent_Contig_1291	7	1	1221253	3331699	2110446	1	26.99	30.97	3.98
dDocent_Contig_339848	dDocent_Contig_7928	8	1	18423838	19129723	1080396	1	30.97	33.64	2.67
dDocent_Contig_12514	dDocent_Contig_56538	5	1	19527316	19923510	567202	1	33.64	34.5	0.86
dDocent_Contig_32568	dDocent_Contig_8169	3	1	19641749	20012318	390818	1	35.16	35.16	0.00
dDocent_Contig_146193	dDocent_Contig_5242	5	1	20962637	21501680	684368	1	39.79	39.79	0.00
dDocent_Contig_13842	dDocent_Contig_172657	2	1	22005814	21591334	414480	1	46.83	47.61	0.78
dDocent_Contig_83043	dDocent_Contig_29138	11	1	22086409	23971026	1884617	1	47.52	50.34	2.82
dDocent_Contig_12373	dDocent_Contig_90638	2	1	25360929	25428281	67352	1	53.88	53.72	0.16
dDocent_Contig_183753	dDocent_Contig_322	2	1	23708621	23575809	132812	1	54.58	54.28	0.30
dDocent_Contig_161242	dDocent_Contig_16360	3	1	24174532	24758055	583523	1	54.43	57.08	2.65
dDocent_Contig_1577	dDocent_Contig_147380	3	1	24931353	25829909	898556	1	57.77	57.77	0.38
dDocent_Contig_123426	dDocent_Contig_21235	3	1	27335887	27649844	313957	1	57.77	59.08	1.31
dDocent_Contig_200617	dDocent_Contig_17439	3	1	20668273	20775856	107583	1	59.75	65.46	5.71
dDocent_Contig_9670	dDocent_Contig_23646	4	16	4400705	5083184	828712	18	1.5	1.65	0.31
dDocent_Contig_14167	dDocent_Contig_34257	3	16	6216362	6378252	161890	18	5.67	5.67	0.00
dDocent_Contig_4216	dDocent_Contig_29190	2	16	5863893	5937568	73675	18	8.34	9.38000000000001	1.04
dDocent_Contig_206879	dDocent_Contig_27189	3	16	13533547	13816068	352269	18	10.72	11.39	0.67
dDocent_Contig_2978	dDocent_Contig_5372	4	16	13081141	13148773	340908	18	15.87	18.01	2.14
dDocent_Contig_150190	dDocent_Contig_89892	5	16	11787086	11244067	897640	18	23.11	25.36	2.25
dDocent_Contig_327203	dDocent_Contig_21697	4	16	10849243	10320441	913962	18	27.45	28.37	1.49
dDocent_Contig_212866	dDocent_Contig_212830	3	16	11293511	10876556	416955	18	28.94	31.82	2.88
dDocent_Contig_163160	dDocent_Contig_265782	2	16	9253187	9688486	435299	18	33.44	33.44	0.00
dDocent_Contig_32458	dDocent_Contig_9980	4	16	7099698	8736553	1636855	18	35.19	35.19	0.00
dDocent_Contig_301088	dDocent_Contig_132994	3	16	2620147	2156700	463447	18	35.81	40.15	4.34
dDocent_Contig_19554	dDocent_Contig_186096	2	16	1149984	1178017	28033	18	44.16	44.53	0.37
dDocent_Contig_10043	dDocent_Contig_16344	2	16	2395021	2164484	230537	18	45.03	48.82	3.79
dDocent_Contig_24236	dDocent_Contig_37343	2	16	830165	476526	353639	18	48.22	50.38	2.16
dDocent_Contig_346077	dDocent_Contig_291924	2	16	14275348	14279132	3784	18	52.55	52.55	0.00
dDocent_Contig_98348	dDocent_Contig_90958	4	16	1803048	1504621	298427	18	52.96	54.58	1.62
dDocent_Contig_26071	dDocent_Contig_27583	3	16	14915767	14735884	257338	18	69.89	71.22	1.33
dDocent_Contig_385543	dDocent_Contig_12068	2	16	2511146	2717632	206486	18	71.39	71.39	0.00
dDocent_Contig_234405	dDocent_Contig_73935	4	16	16273234	17086431	888799	18	71.55	71.55	0.00
dDocent_Contig_202451	dDocent_Contig_149738	4	15	14262387	15041257	778870	13	0	1.4	1.40
dDocent_Contig_7326	dDocent_Contig_33478	3	15	6333755	6813969	600949	13	3.56	3.56	0.00
dDocent_Contig_129491	dDocent_Contig_7800	5	15	6215108	6098452	377101	13	4.36	8.3	3.94
dDocent_Contig_198003	dDocent_Contig_364497	3	15	4019784	3917618	160693	13	16.56	16.56	0.00
dDocent_Contig_3969	dDocent_Contig_149539	2	15	4924252	5148758	224506	13	16.56	16.56	0.00
dDocent_Contig_79522	dDocent_Contig_13005	3	15	21884947	21855271	132946	13	19.47	19.78	0.62
dDocent_Contig_7106	dDocent_Contig_99077	3	15	19287067	20084120	797053	13	25.88	25.88	0.00
dDocent_Contig_47561	dDocent_Contig_23695	8	15	10790885	12400639	1609754	13	27.52	31.6	4.08
dDocent_Contig_176684	dDocent_Contig_27079	11	15	15484450	17180024	1695574	13	32.31	37.34	5.19
dDocent_Contig_84818	dDocent_Contig_10816	3	15	10590530	10504625	350920	13	40.19	40.83	0.64
dDocent_Contig_43510	dDocent_Contig_37671	2	15	9012899	9155853	142954	13	44.62	45.8	1.18
dDocent_Contig_327	dDocent_Contig_4692	3	15	8287998	7442049	845949	13	47.04	50.47	3.43
dDocent_Contig_73664	dDocent_Contig_147906	3	15	3671100	3647908	235135	13	53.18	54.12	0.94
dDocent_Contig_71710	dDocent_Contig_2315	4	15	2838262	3190881	352619	13	54.73	54.9	0.48
dDocent_Contig_103448	dDocent_Contig_386896	2	15	2889285	3077227	187942	13	55.56	57.59	2.03
dDocent_Contig_149363	dDocent_Contig_13343	4	15	1797745	2522539	814517	13	59.06	60.31	1.26
dDocent_Contig_69393	dDocent_Contig_26911	2	15	1351328	1807597	456269	13	61.54	61.66	0.12
dDocent_Contig_5447	dDocent_Contig_26199	3	15	279356	1014189	734833	13	62.77	62.77	0.00
dDocent_Contig_7023	dDocent_Contig_57682	3	6	21321399	21294795	439144	16	7.63	7.96	0.33
dDocent_Contig_27644	dDocent_Contig_40899	2	6	22440322	22272304	168018	16	7.96	7.96	0.00
dDocent_Contig_118495	dDocent_Contig_43065	3	6	22762904	23319661	556757	16	9.63	9.32	0.31
dDocent_Contig_73477	dDocent_Contig_14866	2	6	21527733	21617104	89371	16	11.18	11.18	0.00
dDocent_Contig_204278	dDocent_Contig_1512	4	6	20052969	20517541	464572	16	13.27	13.27	0.00
dDocent_Contig_7844	dDocent_Contig_56593	3	6	18444933	18999540	554607	16	15.22	17.49	2.27
dDocent_Contig_219112	dDocent_Contig_343391	2	6	17571322	15585544	1985778	16	18.6	20.91	2.31
dDocent_Contig_12831	dDocent_Contig_333242	4	6	6436699	7110403	713184	16	24.62	24.62	0.31
dDocent_Contig_29327	dDocent_Contig_16805	2	6	5664680	5919042	254362	16	25.11	25.51	0.40
dDocent_Contig_52143	dDocent_Contig_15064	3	6	5504257	5561738	57481	16	28.59	28.63	0.04
dDocent_Contig_189298	dDocent_Contig_134968	4	6	249986	1065078	815092	16	31.06	31.06	0.00
dDocent_Contig_37785	dDocent_Contig_371139	2	6	1585581	1645635	60054	16	31.28	31.28	0.00
dDocent_Contig_219013	dDocent_Contig_331327	2	6	909456	1278834	369378	16	33.12	33.43	0.31
dDocent_Contig_316571	dDocent_Contig_282858	7	6	1646342	2656958	1010616	16	33.8	35.8	2.00
dDocent_Contig_57229	dDocent_Contig_224359	3	6	3364868	3465546	632163	16	36.22	39.71	3.49
dDocent_Contig_183123	dDocent_Contig_115366	3	6	12517526	12267799	465284	16	43.43	47.84	4.41
dDocent_Contig_130341	dDocent_Contig_14591	2	6	12922440	13177656	255216	16	47.84	47.84	0.00
dDocent_Contig_27794	dDocent_Contig_3184	4	6	10012026	10895909	883883	16	50.65	50.65	0.00
dDocent_Contig_61940	dDocent_Contig_9237	7	6	8339336	9715834	1445909	16	58.84	58.84	0.00
dDocent_Contig_208354	dDocent_Contig_84389	4	6	10422008	11034350	652060	16	58.84	58.84	0.00
dDocent_Contig_304729	dDocent_Contig_1580	12	6	7574082	9120810	1546728	16	68.23	68.23	0.00
dDocent_Contig_10944	dDocent_Contig_199626	2	17	20203372	20275780	72408	23	2.71999999999999	2.71999999999999	0.00
dDocent_Contig_19189	dDocent_Contig_34693	2	17	18887174	18788687	98487	23	4.63	4.94	0.31
dDocent_Contig_40645	dDocent_Contig_11249	5	17	18441009	18633913	584990	23	7.11	10.6	3.49
dDocent_Contig_52023	dDocent_Contig_222349	2	17	18013159	17871714	141445	23	10.6	10.82	0.22
dDocent_Contig_13907	dDocent_Contig_290839	2	17	8474794	9112441	637647	23	12.09	13.29	1.20
dDocent_Contig_89624	dDocent_Contig_33242	7	17	8580709	7550954	1029755	23	17.45	21.93	4.48
dDocent_Contig_30664	dDocent_Contig_60230	10	17	6648834	6113208	1219164	23	23.79	26.33	2.61
dDocent_Contig_11522	dDocent_Contig_29542	5	17	4875286	4494442	634049	23	27.64	28.41	1.08
dDocent_Contig_14602	dDocent_Contig_4865	3	17	24806432	25157934	351502	23	28.88	28.88	0.00
dDocent_Contig_46457	dDocent_Contig_188751	3	17	23588498	24186746	598248	23	29.7	30.2	0.50
dDocent_Contig_33925	dDocent_Contig_36275	6	17	22562849	24142165	1579316	23	31.6	31.35	0.25
dDocent_Contig_32102	dDocent_Contig_139359	4	17	22341275	23479540	1138265	23	32.04	33.21	1.39
dDocent_Contig_33597	dDocent_Contig_85985	2	17	22527401	22746038	218637	23	34.45	34.45	0.00
dDocent_Contig_1849	dDocent_Contig_62766	2	17	16190478	16426468	235990	23	35.77	35.77	0.00
dDocent_Contig_13466	dDocent_Contig_150600	3	17	14706959	15011344	304385	23	40.88	41.29	0.41
dDocent_Contig_119372	dDocent_Contig_72913	2	17	14408162	13757290	650872	23	41.91	44.07	2.16
dDocent_Contig_17862	dDocent_Contig_37096	4	17	12423009	13150403	727394	23	44.58	44.58	0.00
dDocent_Contig_104495	dDocent_Contig_18089	2	17	13553384	13724943	171559	23	44.38	44.22	0.16
dDocent_Contig_100755	dDocent_Contig_35972	2	17	11452512	11070892	381620	23	46.98	48.63	1.65
dDocent_Contig_18792	dDocent_Contig_90815	5	17	2936466	3009474	256130	23	54.78	56.8	2.02
dDocent_Contig_21570	dDocent_Contig_79954	3	17	2378813	2793108	414295	23	58.34	58.03	0.31
dDocent_Contig_14417	dDocent_Contig_123378	2	17	1846625	2101484	254859	23	58.74	59.58	0.84
dDocent_Contig_6533	dDocent_Contig_166423	2	17	1485825	1416799	69026	23	64.09	64.09	0.00
dDocent_Contig_2987	dDocent_Contig_31144	3	23	25601719	25963507	361788	6	3.8	3.34	0.46
dDocent_Contig_49717	dDocent_Contig_21964	2	23	15620420	15735426	115006	6	4.22	4.22	0.00
dDocent_Contig_24007	dDocent_Contig_76478	2	23	22947872	22539682	408190	6	4.22	6.12	1.90
dDocent_Contig_3923	dDocent_Contig_397105	6	23	23893862	25090420	1196558	6	6.12	6.58	0.46
dDocent_Contig_297334	dDocent_Contig_113644	2	23	23426382	23161604	264778	6	12.22	13.14	0.92
dDocent_Contig_108906	dDocent_Contig_15805	2	23	22997425	23023418	25993	6	13.76	13.6	0.16
dDocent_Contig_3021	dDocent_Contig_12382	2	23	20999749	21311051	311302	6	17.14	16.81	0.33
dDocent_Contig_309855	dDocent_Contig_19815	3	23	20645955	21064638	418683	6	17.47	17.47	0.00
dDocent_Contig_224101	dDocent_Contig_344040	2	23	20046300	20172389	126089	6	19.08	19.55	0.47
dDocent_Contig_6448	dDocent_Contig_78852	2	23	20788677	21061456	272779	6	20.05	19.81	0.24
dDocent_Contig_41885	dDocent_Contig_558	2	23	19995132	19860081	135051	6	20.3	20.6	0.30
dDocent_Contig_276086	dDocent_Contig_384998	3	23	19047328	19547339	533660	6	21.11	21.22	0.40
dDocent_Contig_93991	dDocent_Contig_99931	10	23	18310387	18285263	937592	6	21.91	25.12	3.21
dDocent_Contig_58798	dDocent_Contig_29808	4	23	17030188	16547329	482859	6	27.29	29.6	2.31
dDocent_Contig_25141	dDocent_Contig_3387	5	23	9794282	9868643	751517	6	31.03	32.38	1.35
dDocent_Contig_318878	dDocent_Contig_4785	2	23	9109957	8428302	681655	6	33.38	34.05	0.67
dDocent_Contig_26491	dDocent_Contig_19146	7	23	12012190	11891340	1278323	6	36.47	41.44	4.97
dDocent_Contig_4251	dDocent_Contig_99410	3	23	5745690	4920533	825157	6	43.58	44.5	0.92
dDocent_Contig_312955	dDocent_Contig_395704	2	23	6257481	6446708	189227	6	44.9	44.9	0.00
dDocent_Contig_25956	dDocent_Contig_13506	2	23	4743359	4897198	153839	6	47.61	47.61	0.00
dDocent_Contig_65242	dDocent_Contig_14839	2	23	7110607	7423913	313306	6	47.61	47.61	0.00
dDocent_Contig_31238	dDocent_Contig_142757	7	23	1075085	68897	1006188	6	52.87	58.43	5.56
dDocent_Contig_24688	dDocent_Contig_23884	2	23	181556	32755	148801	6	61.17	61.84	0.67
dDocent_Contig_112813	dDocent_Contig_77825	5	23	27165079	26962854	551663	6	61.51	66.27	4.76
dDocent_Contig_66767	dDocent_Contig_29868	2	23	28587210	28409357	177853	6	66.27	66.48	0.21
dDocent_Contig_5166	dDocent_Contig_105970	2	23	26288890	26695177	406287	6	67.67	67.34	0.33
dDocent_Contig_293918	dDocent_Contig_143124	3	23	28301260	27896090	405170	6	67.72	70.56	2.84
dDocent_Contig_205084	dDocent_Contig_12942	2	21	24137609	24090769	46840	3	3.76	4.09	0.33
dDocent_Contig_62716	dDocent_Contig_1023	2	21	24486727	24781960	295233	3	3.76	3.76	0.00
dDocent_Contig_8082	dDocent_Contig_84119	4	21	23867073	24225521	572794	3	5.04	5.04	0.62
dDocent_Contig_2388	dDocent_Contig_154055	13	21	21664263	23705091	2040828	3	5.19	5.35	0.47
dDocent_Contig_1537	dDocent_Contig_70673	3	21	21606499	21742424	156949	3	8.45	8.45	0.00
dDocent_Contig_25692	dDocent_Contig_20895	3	21	17947204	18600251	653047	3	8.91	8.91	0.00
dDocent_Contig_356077	dDocent_Contig_98083	4	21	21305726	21519702	321559	3	8.74	8.76	0.33
dDocent_Contig_256757	dDocent_Contig_1011	3	21	20393382	20058032	335350	3	11.54	12.77	1.23
dDocent_Contig_6967	dDocent_Contig_25574	2	21	18567661	19928126	1360465	3	16.67	16.67	0.00
dDocent_Contig_12895	dDocent_Contig_45214	3	21	18606831	17208929	1397902	3	16.82	19	2.18
dDocent_Contig_39098	dDocent_Contig_372229	2	21	16523792	16035719	488073	3	20.03	21.49	1.46
dDocent_Contig_55414	dDocent_Contig_6233	2	21	15044794	14867210	177584	3	24.6	24.91	0.31
dDocent_Contig_76593	dDocent_Contig_329394	2	21	16741805	17211820	470015	3	25.37	25.37	0.00
dDocent_Contig_85008	dDocent_Contig_124556	3	21	11859150	11650381	528241	3	26.88	27.55	0.67
dDocent_Contig_21218	dDocent_Contig_6257	6	21	12425745	12578710	332571	3	27.55	28.01	0.46
dDocent_Contig_210808	dDocent_Contig_374605	3	21	11391879	11265310	333302	3	30.17	30.67	0.50
dDocent_Contig_4858	dDocent_Contig_44060	3	21	10803401	9834529	1085700	3	31.1	34.26	3.16
dDocent_Contig_4144	dDocent_Contig_40222	2	21	9391778	8395905	995873	3	34.6	35.43	0.83
dDocent_Contig_112373	dDocent_Contig_152786	4	21	7940423	7527813	412610	3	39.8	42.48	2.68
dDocent_Contig_172365	dDocent_Contig_283055	8	21	5957932	3106845	2851087	3	43.48	56.57	13.09
dDocent_Contig_36696	dDocent_Contig_34200	2	21	1534222	1190091	344131	3	65.21	67.93	2.72
dDocent_Contig_85534	dDocent_Contig_63791	3	20	17851246	17856717	356592	9	9.71	10.33	0.62
dDocent_Contig_112677	dDocent_Contig_145912	2	20	20716271	20882079	165808	9	10.33	10.33	0.00
dDocent_Contig_103327	dDocent_Contig_66352	2	20	21227042	21367899	140857	9	10.33	10.33	0.00
dDocent_Contig_17413	dDocent_Contig_39877	2	20	16771763	16938188	166425	9	16.08	16.08	0.00
dDocent_Contig_384346	dDocent_Contig_22755	2	20	19335062	19747250	412188	9	15.93	15.29	0.64
dDocent_Contig_20683	dDocent_Contig_398347	4	20	18238128	19072603	834475	9	16.85	16.24	0.61
dDocent_Contig_101801	dDocent_Contig_4899	2	20	16914248	17107654	193406	9	18.42	18.42	0.00
dDocent_Contig_59426	dDocent_Contig_212609	5	20	15788841	16268831	558325	9	23.57	26.19	2.62
dDocent_Contig_223192	dDocent_Contig_95424	9	20	15570473	13528519	2624626	9	26.94	31.33	4.81
dDocent_Contig_275603	dDocent_Contig_2373	2	20	12819501	12494003	325498	9	32.34	33.34	1.00
dDocent_Contig_333677	dDocent_Contig_263392	4	20	12099113	11489028	839204	9	33.15	35.71	2.56
dDocent_Contig_146256	dDocent_Contig_52970	6	20	10571259	9607330	963929	9	36.04	40.11	4.07
dDocent_Contig_1176	dDocent_Contig_10383	7	20	5778014	6742854	1075183	9	40.41	40.85	0.67
dDocent_Contig_17736	dDocent_Contig_13617	8	20	7130160	8092830	1108346	9	40.75	46.73	5.98
dDocent_Contig_42205	dDocent_Contig_5587	4	20	8967662	9542956	626878	9	50.13	52.01	1.88
dDocent_Contig_252651	dDocent_Contig_106000	4	20	2562631	2773544	322260	9	54.19	56.27	2.08
dDocent_Contig_31919	dDocent_Contig_33552	6	20	5083202	3871123	1212079	9	56.27	61.7	5.43
dDocent_Contig_101442	dDocent_Contig_30406	2	20	3312521	3428469	115948	9	63.04	62.43	0.61
dDocent_Contig_12063	dDocent_Contig_126674	5	20	155489	533716	383321	9	63.7	63.7	0.33
dDocent_Contig_2597	dDocent_Contig_396176	4	20	2711525	2924096	233725	9	63.37	64.01	0.64
dDocent_Contig_126019	dDocent_Contig_114253	2	20	708274	841892	133618	9	64.37	64.32	0.05
dDocent_Contig_13449	dDocent_Contig_13137	2	20	3066234	3073836	7602	9	64.32	64.16	0.16
dDocent_Contig_5720	dDocent_Contig_34674	2	20	656371	878499	222128	9	65.24	65.55	0.31
dDocent_Contig_37128	dDocent_Contig_78321	2	20	1046869	951198	95671	9	66.79	78.52	11.73
dDocent_Contig_1061	dDocent_Contig_38156	2	24	14351171	14522859	171688	12	0	6.97	6.97
dDocent_Contig_74741	dDocent_Contig_81944	4	24	12915116	12488565	467328	12	6.97	8.82	1.89
dDocent_Contig_20038	dDocent_Contig_49203	3	24	11728034	12237539	571224	12	10.08	9.75	0.50
dDocent_Contig_179212	dDocent_Contig_57708	2	24	3198095	3126424	71671	12	10.41	10.41	0.00
dDocent_Contig_29713	dDocent_Contig_21587	2	24	13331019	13177961	153058	12	10.41	10.41	0.00
dDocent_Contig_10034	dDocent_Contig_171172	5	24	10878687	11334532	455845	12	11.42	11.08	0.41
dDocent_Contig_16265	dDocent_Contig_301685	9	24	9460756	10793238	1332482	12	14.82	15.62	1.04
dDocent_Contig_55010	dDocent_Contig_255326	2	24	9718963	9897711	178748	12	16.08	16.08	0.00
dDocent_Contig_95748	dDocent_Contig_122239	3	24	7979090	7513137	549286	12	18.54	22.02	3.48
dDocent_Contig_15924	dDocent_Contig_34141	2	23	4237811	4468800	230989	12	22.64	22.33	0.31
dDocent_Contig_12971	dDocent_Contig_214776	3	23	3267684	3678867	411183	12	24.49	24.49	0.00
dDocent_Contig_895	dDocent_Contig_221942	4	23	1881105	2945747	1064642	12	26.72	26.72	0.00
dDocent_Contig_92557	dDocent_Contig_39799	6	24	18727166	18122426	1050956	12	28.75	31.55	3.42
dDocent_Contig_112900	dDocent_Contig_221276	2	24	1716560	1459360	257200	12	32.89	33.9	1.01
dDocent_Contig_79382	dDocent_Contig_77385	3	24	1146768	1483929	337161	12	35.94	36.2	0.26
dDocent_Contig_10858	dDocent_Contig_46225	3	24	877951	655258	250815	12	37.44	38.05	0.61
dDocent_Contig_14518	dDocent_Contig_3150	10	24	3535643	5105965	1638065	12	39.6	45.06	5.79
dDocent_Contig_134526	dDocent_Contig_77372	2	24	22113223	22295665	182442	12	45.05	45.05	0.00
dDocent_Contig_6882	dDocent_Contig_78100	3	24	5249114	5579995	330881	12	46.06	46.39	0.33
dDocent_Contig_14368	dDocent_Contig_22902	5	24	6385452	7181215	795763	12	53.27	59.39	6.12
dDocent_Contig_214162	dDocent_Contig_126711	7	24	19604077	20797982	1193905	12	61.19	66.91	5.72
dDocent_Contig_105366	dDocent_Contig_25932	2	24	21427054	21531488	104434	12	67.06	67.57	0.51
dDocent_Contig_167624	dDocent_Contig_43640	2	24	22276330	22293888	17558	12	67.07	67.41	0.34
dDocent_Contig_397821	dDocent_Contig_233802	4	24	22384812	22132559	266947	12	69.55	70.79	1.25
dDocent_Contig_19919	dDocent_Contig_9840	3	4	533346	739730	226918	15	0	1.85	1.85
dDocent_Contig_300354	dDocent_Contig_94639	2	4	1666590	1615854	50736	15	2.5	2.47	0.03
dDocent_Contig_319453	dDocent_Contig_15429	3	4	1790437	1790139	104280	15	2.67	4.32	1.65
dDocent_Contig_106618	dDocent_Contig_17057	2	4	2922015	2279820	642195	15	8.34	9.27	0.93
dDocent_Contig_189129	dDocent_Contig_19889	2	4	2861523	3278905	417382	15	9.27	9.27	0.00
dDocent_Contig_104204	dDocent_Contig_50732	5	4	7578087	8021639	562836	15	9.27	18.54	9.27
dDocent_Contig_26381	dDocent_Contig_365182	2	4	8796343	8895828	99485	15	21.94	21.94	0.00
dDocent_Contig_31001	dDocent_Contig_63665	3	4	8756073	8831445	156464	15	22.21	22.95	0.74
dDocent_Contig_79551	dDocent_Contig_2040	3	4	9464643	9751113	345559	15	24.12	25.68	1.56
dDocent_Contig_12143	dDocent_Contig_11919	5	4	3835196	4145607	310411	15	29.7	31.07	2.16
dDocent_Contig_314536	dDocent_Contig_6141	5	4	4266600	4880064	678090	15	34.28	37.23	2.95
dDocent_Contig_243491	dDocent_Contig_360249	2	4	6123704	6136113	12409	15	37.23	39.31	2.08
dDocent_Contig_61954	dDocent_Contig_192508	4	4	6970080	7303801	333721	15	39.39	40.01	0.62
dDocent_Contig_15049	dDocent_Contig_313857	2	4	5373911	5864359	490448	15	40.98	41.48	0.50
dDocent_Contig_32931	dDocent_Contig_132335	2	4	11750658	12347429	596771	15	42.48	44.66	2.18
dDocent_Contig_16362	dDocent_Contig_10422	2	4	12914602	13441216	526614	15	46.85	47.78	0.93
dDocent_Contig_319839	dDocent_Contig_275327	2	4	14462163	14330525	131638	15	47.32	51.18	3.86
dDocent_Contig_281132	dDocent_Contig_138566	2	4	14602514	14558459	44055	15	52.42	52.42	0.00
dDocent_Contig_78385	dDocent_Contig_196966	3	4	12739897	12932137	192240	15	58.76	58.76	0.00
dDocent_Contig_642	dDocent_Contig_17365	8	4	14618217	16240655	1622438	15	58.76	58.76	0.00
dDocent_Contig_16925	dDocent_Contig_99398	5	4	16336609	18897821	2561212	15	60.77	61.39	0.62
dDocent_Contig_95051	dDocent_Contig_26268	2	4	17011888	17137608	125720	15	73.68	73.68	0.00
dDocent_Contig_247362	dDocent_Contig_131536	2	13	12747849	12604055	143794	14	0.159999999999997	0.309999999999997	0.15
dDocent_Contig_15093	dDocent_Contig_355399	4	13	11681795	12012900	332781	14	1.11	2.16	1.05
dDocent_Contig_42303	dDocent_Contig_83576	5	13	11675232	11533951	855142	14	2.78	6.96	4.34
dDocent_Contig_378632	dDocent_Contig_97542	2	13	9766929	9840769	73840	14	8.69	8.69	0.00
dDocent_Contig_17818	dDocent_Contig_11849	3	13	10606372	10585675	392892	14	8.69	8.97	0.28
dDocent_Contig_306535	dDocent_Contig_48750	4	13	10010588	10202032	283244	14	9.48	10.36	0.88
dDocent_Contig_12730	dDocent_Contig_26947	2	13	7897110	7994115	97005	14	14	14	0.00
dDocent_Contig_29317	dDocent_Contig_172678	2	13	8894309	8348337	545972	14	13.92	15.46	1.54
dDocent_Contig_4686	dDocent_Contig_36338	5	13	7659125	7231803	1387355	14	16.1	19.44	3.34
dDocent_Contig_101213	dDocent_Contig_9310	5	13	6177030	5628642	548388	14	19.68	22.79	3.11
dDocent_Contig_76097	dDocent_Contig_146769	2	13	523229	580746	57517	14	23.93	24.6	0.67
dDocent_Contig_2753	dDocent_Contig_8427	4	13	464757	1403582	938825	14	27.92	31.96	4.04
dDocent_Contig_3315	dDocent_Contig_8979	2	13	3419895	3775713	355818	14	35.05	35.67	0.62
dDocent_Contig_396914	dDocent_Contig_48785	2	13	4236938	4092950	143988	14	36.29	36.29	0.00
dDocent_Contig_208497	dDocent_Contig_20908	5	13	4004006	4186389	299583	14	36.62	36.95	0.33
dDocent_Contig_279649	dDocent_Contig_322069	2	13	17804534	17899133	94599	14	36.62	36.62	0.00
dDocent_Contig_1470	dDocent_Contig_40296	2	13	15219333	15374967	155634	14	37.29	37.22	0.07
dDocent_Contig_406	dDocent_Contig_61920	2	13	17512273	17820256	307983	14	37.12	37.12	0.00
dDocent_Contig_39544	dDocent_Contig_14186	3	13	15408634	15670006	512233	14	37.96	39.99	2.03
dDocent_Contig_167913	dDocent_Contig_52501	3	13	16362196	17309531	947335	14	42.72	49.7	6.98
dDocent_Contig_213977	dDocent_Contig_21421	3	13	19304588	18737214	783153	14	51.88	53.2	1.32
dDocent_Contig_360820	dDocent_Contig_312942	2	7	1841671	1447108	394563	20	10.3	10.92	0.62
dDocent_Contig_261651	dDocent_Contig_44301	6	7	8365117	9887738	1914208	20	10.92	18.37	7.45
dDocent_Contig_77672	dDocent_Contig_8570	3	7	10552159	11424268	872109	20	18.22	18.06	0.31
dDocent_Contig_258818	dDocent_Contig_63358	14	7	10429165	14581631	4152466	20	18.7	23.21	4.69
dDocent_Contig_22454	dDocent_Contig_25863	5	7	15261823	16749189	1487366	20	23.73	25.37	1.64
dDocent_Contig_190752	dDocent_Contig_114962	3	7	17070547	17061835	285888	20	25.96	28.17	2.21
dDocent_Contig_233714	dDocent_Contig_16262	4	7	18161699	18400022	303585	20	28.17	28.48	0.31
dDocent_Contig_1425	dDocent_Contig_269535	7	7	3590279	4441849	851570	20	30.33	31.26	0.93
dDocent_Contig_122322	dDocent_Contig_6303	10	7	6757909	6195035	1439733	20	31.04	34.35	3.62
dDocent_Contig_305	dDocent_Contig_11999	5	7	5296498	5673131	471485	20	34.97	34.97	0.00
dDocent_Contig_81386	dDocent_Contig_4894	3	7	4803534	5145202	341668	20	37.28	36.77	0.51
dDocent_Contig_19843	dDocent_Contig_13865	5	7	20647558	19936049	853345	20	37.13	39.29	2.16
dDocent_Contig_301658	dDocent_Contig_167474	2	7	26618634	26978531	359897	20	39.92	40.05	0.13
dDocent_Contig_153650	dDocent_Contig_166590	2	7	22151921	21980841	171080	20	40.92	43.62	2.70
dDocent_Contig_17977	dDocent_Contig_278262	3	7	23858423	24573401	714978	20	43.11	47.87	4.76
dDocent_Contig_37716	dDocent_Contig_154461	2	7	24565214	24639268	74054	20	52.15	52.15	0.00
dDocent_Contig_7179	dDocent_Contig_2201	3	7	26194874	26673430	529283	20	51.65	52.65	1.00
dDocent_Contig_21467	dDocent_Contig_1901	2	7	25582992	26034540	451548	20	55.6	57.15	1.55
dDocent_Contig_53137	dDocent_Contig_80545	2	7	26603979	26912428	308449	20	61.41	62.42	1.01
dDocent_Contig_42	dDocent_Contig_99714	2	7	24242905	24414221	171316	20	65.98	65.98	0.00
dDocent_Contig_178579	dDocent_Contig_24905	2	7	27003777	27186513	182736	20	65.67	65.98	0.31
dDocent_Contig_38379	dDocent_Contig_664	2	7	27763152	27328383	434769	20	66.29	70	3.71
dDocent_Contig_9648	dDocent_Contig_113253	3	18	15200345	13632129	1568216	8	0	5.56	5.56
dDocent_Contig_6727	dDocent_Contig_364388	4	18	13065336	12746343	552130	8	10.5	12.09	1.59
dDocent_Contig_61319	dDocent_Contig_70596	3	18	11353608	12000502	786669	8	15.92	15.92	0.00
dDocent_Contig_135721	dDocent_Contig_332250	3	18	11123060	11077609	45451	8	17.31	17.62	0.31
dDocent_Contig_96441	dDocent_Contig_143868	9	18	444227	1263867	906059	8	21.03	22.58	2.00
dDocent_Contig_132912	dDocent_Contig_197543	3	18	1614055	1712144	98089	8	25.6	26.72	1.12
dDocent_Contig_6004	dDocent_Contig_133980	20	18	2978312	5490640	2512328	8	27.54	33.78	6.24
dDocent_Contig_333548	dDocent_Contig_4428	3	18	5797903	5940339	161475	8	33.78	33.78	0.00
dDocent_Contig_7007	dDocent_Contig_8327	3	18	5341629	5658437	327086	8	36.52	36.52	0.00
dDocent_Contig_57603	dDocent_Contig_85444	3	18	5749395	6091344	341949	8	37.75	38.68	0.93
dDocent_Contig_22362	dDocent_Contig_356616	3	18	7281656	7516444	234788	8	42.4	43.33	0.93
dDocent_Contig_249952	dDocent_Contig_42799	4	18	8082878	8587698	504820	8	44.25	45.77	1.55
dDocent_Contig_237447	dDocent_Contig_58600	3	18	15857258	16337201	479943	8	45.96	45.96	0.00
dDocent_Contig_19718	dDocent_Contig_63516	3	18	8836013	8570626	265387	8	47.18	49.2	2.02
dDocent_Contig_363947	dDocent_Contig_95836	2	18	9560211	9500215	59996	8	49.2	49.2	0.00
dDocent_Contig_356069	dDocent_Contig_11926	3	18	9758407	9995747	237340	8	52.27	53.27	1.00
dDocent_Contig_51600	dDocent_Contig_202990	2	18	17833816	17790217	43599	8	61.35	61.86	0.51
dDocent_Contig_245481	dDocent_Contig_5786	3	18	17409586	17196711	247954	8	64.23	65.16	0.93
dDocent_Contig_16583	dDocent_Contig_50697	2	18	16602658	16668343	65685	8	66.13	66.13	0.00
dDocent_Contig_328964	dDocent_Contig_163522	2	5	18588023	18386634	201389	4	0	4.9	4.90
dDocent_Contig_7358	dDocent_Contig_136722	4	5	17509119	17568111	144299	4	4.9	5.57	0.67
dDocent_Contig_41324	dDocent_Contig_23775	6	5	16830623	16329270	647301	4	5.83	7.49	1.91
dDocent_Contig_141395	dDocent_Contig_297877	2	5	15852501	15908726	56225	4	8.98	9.56	0.58
dDocent_Contig_83810	dDocent_Contig_34664	3	5	15352213	15447604	95391	4	10.22	10.53	0.62
dDocent_Contig_69594	dDocent_Contig_15531	4	5	14704401	14731121	331745	4	12.39	13.49	1.36
dDocent_Contig_81426	dDocent_Contig_62299	2	5	13091750	13113044	21294	4	16.12	17.12	1.00
dDocent_Contig_20487	dDocent_Contig_45690	2	5	12426005	12368985	57020	4	20.87	20.87	0.00
dDocent_Contig_248861	dDocent_Contig_7650	2	5	17124751	17674949	550198	4	20.72	20.72	0.00
dDocent_Contig_20760	dDocent_Contig_191599	4	5	11474220	12062334	588114	4	22.43	22.21	0.22
dDocent_Contig_70783	dDocent_Contig_20367	3	5	11394925	11736742	341817	4	23.54	23.54	0.17
dDocent_Contig_9019	dDocent_Contig_47042	6	5	11104021	8964070	2139951	4	24.6	28.63	4.03
dDocent_Contig_17369	dDocent_Contig_1633	2	10	2417401	2443611	26210	4	30.16	31.1	0.94
dDocent_Contig_161462	dDocent_Contig_23502	2	5	820868	831050	10182	4	34.61	36.55	1.94
dDocent_Contig_54942	dDocent_Contig_15823	2	5	32449	132141	99692	4	37.63	37.32	0.31
dDocent_Contig_132541	dDocent_Contig_48972	7	5	1663632	3251757	1637499	4	37.63	41.96	4.33
dDocent_Contig_53126	dDocent_Contig_22529	6	5	4552506	6707443	2154937	4	43.17	48.29	5.12
dDocent_Contig_116540	dDocent_Contig_254535	2	5	7789021	7818628	29607	4	49.77	49.77	0.00
dDocent_Contig_6154	dDocent_Contig_109381	3	5	6794890	7064653	271779	4	50.65	51.32	1.00
dDocent_Contig_98560	dDocent_Contig_6725	2	5	4382112	4167357	214755	4	51.63	52.88	1.25
dDocent_Contig_108428	dDocent_Contig_3479	2	5	7332034	7874094	542060	4	52.32	53.8	1.48
dDocent_Contig_46599	dDocent_Contig_33715	3	5	4208499	3826882	381617	4	54.91	56.75	1.84
dDocent_Contig_105544	dDocent_Contig_39758	4	5	22183600	23416334	1257825	4	63.92	65.61	1.69
dDocent_Contig_15402	dDocent_Contig_1065	3	5	23410786	23607653	196867	4	66.22	66.84	0.62
dDocent_Contig_109281	dDocent_Contig_86989	9	5	24008229	24818489	1195800	4	72.89	76.28	3.39
dDocent_Contig_19606	dDocent_Contig_6885	13	19	328836	2454376	2125540	24	0	0	0.00
dDocent_Contig_188738	dDocent_Contig_225171	7	19	5870004	6588894	718890	24	3.39	6.11	3.39
dDocent_Contig_54103	dDocent_Contig_1397	4	19	6915711	7303211	518029	24	7.71	8.78	1.07
dDocent_Contig_79897	dDocent_Contig_27564	5	19	2841731	3258143	600348	24	10.47	10.81	0.53
dDocent_Contig_247529	dDocent_Contig_7279	2	19	8444788	8636501	191713	24	12.44	12.44	0.00
dDocent_Contig_3207	dDocent_Contig_14563	8	19	8882441	10625594	1743153	24	12.91	16.17	3.26
dDocent_Contig_125630	dDocent_Contig_297018	4	19	15479478	14551167	1308971	24	18.8	20.49	2.00
dDocent_Contig_234241	dDocent_Contig_650	3	19	13698387	13877610	179223	24	21.67	22.03	0.36
dDocent_Contig_2205	dDocent_Contig_110765	2	19	13323466	13589051	265585	24	22.34	22.65	0.31
dDocent_Contig_54195	dDocent_Contig_8138	3	19	12872386	13215725	343339	24	23	23	0.00
dDocent_Contig_57275	dDocent_Contig_15342	2	19	12394224	12887997	493773	24	25.73	26.4	0.67
dDocent_Contig_5435	dDocent_Contig_79800	4	19	11498194	11851095	465030	24	27.75	27.75	0.00
dDocent_Contig_19428	dDocent_Contig_25110	4	19	11098760	11524648	425888	24	28.43	28.43	0.00
dDocent_Contig_22046	dDocent_Contig_160022	11	19	18116339	20412272	2647197	24	29.43	36.76	7.33
dDocent_Contig_22395	dDocent_Contig_256695	3	19	21372359	20605912	766447	24	37.15	37.95	0.80
dDocent_Contig_1974	dDocent_Contig_1394	6	19	21345413	22076023	975520	24	38.29	45.76	7.64
dDocent_Contig_6640	dDocent_Contig_147850	11	19	23076675	25387386	2345553	24	45.75	55.79	10.18
dDocent_Contig_59952	dDocent_Contig_15741	2	19	25457405	26149346	691941	24	59.1	63.97	4.87
dDocent_Contig_32956	dDocent_Contig_43470	3	11	9757209	9708602	216359	10	0	0.670000000000002	0.67
dDocent_Contig_37112	dDocent_Contig_34060	2	11	10767938	9952964	814974	10	0.670000000000002	2.14	1.47
dDocent_Contig_37011	dDocent_Contig_13350	4	11	8976159	8862417	404957	10	3.62	11.28	7.66
dDocent_Contig_9013	dDocent_Contig_364917	3	11	8001688	7348377	653311	10	11.59	13.73	2.14
dDocent_Contig_375567	dDocent_Contig_264891	4	11	6371565	7275239	903674	10	14.7	15.1	0.71
dDocent_Contig_21053	dDocent_Contig_64895	3	11	6873530	6709865	207515	10	16.47	17.16	0.69
dDocent_Contig_12674	dDocent_Contig_23830	2	11	5334010	5470659	136649	10	19.91	19.57	0.34
dDocent_Contig_21319	dDocent_Contig_118320	3	11	4768919	5214491	445572	10	20.59	20.25	0.34
dDocent_Contig_18188	dDocent_Contig_172285	3	11	4205016	4324426	291243	10	22.01	23.27	1.26
dDocent_Contig_1177	dDocent_Contig_24685	3	11	3763425	2757433	1213489	10	23.58	26.37	2.79
dDocent_Contig_274264	dDocent_Contig_3559	3	11	2225375	1559329	797656	10	28.53	30.06	1.53
dDocent_Contig_14506	dDocent_Contig_172611	2	11	13159646	13425345	265699	10	34.61	34.61	0.00
dDocent_Contig_390204	dDocent_Contig_15699	6	11	11778920	12585580	806660	10	35.39	35.28	0.11
dDocent_Contig_27437	dDocent_Contig_5889	6	11	13457555	14007882	553974	10	35.39	39.12	3.73
dDocent_Contig_21480	dDocent_Contig_50518	3	11	19112006	19739183	627177	10	39.12	39	0.55
dDocent_Contig_31796	dDocent_Contig_1301	3	11	19064838	19648019	583181	10	39.74	41.28	1.54
dDocent_Contig_34	dDocent_Contig_20865	9	11	20310064	22702123	2497764	10	43.14	49.4	6.26
dDocent_Contig_73600	dDocent_Contig_51314	2	11	16743926	15656324	1087602	10	52.81	53.56	0.75
dDocent_Contig_10572	dDocent_Contig_53830	10	11	17340856	18466399	1125543	10	53.56	58.39	4.90
dDocent_Contig_305441	dDocent_Contig_23730	3	11	15294804	15386914	211391	10	59.85	60.89	1.04
dDocent_Contig_103216	dDocent_Contig_25808	2	11	18752556	18952072	199516	10	61.83	62.78	0.95
dDocent_Contig_228442	dDocent_Contig_39616	3	11	15229319	15506509	277190	10	64.32	65.25	0.93
dDocent_Contig_4140	dDocent_Contig_10971	3	10	14488947	15840843	1351896	19	3.77999999999999	3.77999999999999	0.00
dDocent_Contig_24740	dDocent_Contig_40726	2	10	20693151	21114136	420985	19	3.77999999999999	3.77999999999999	0.00
dDocent_Contig_348	dDocent_Contig_131621	2	10	16147664	16232907	85243	19	5.09	5.79	0.70
dDocent_Contig_247159	dDocent_Contig_59623	7	10	15713743	17712391	1998648	19	7.48999999999999	10.78	3.29
dDocent_Contig_2844	dDocent_Contig_198612	5	10	17813278	19504645	1742010	19	11.48	13.02	1.54
dDocent_Contig_16214	dDocent_Contig_8009	5	10	13794890	14095240	301963	19	13.87	13.83	0.15
dDocent_Contig_58419	dDocent_Contig_19222	2	10	13480555	12911667	568888	19	14.96	15.57	0.61
dDocent_Contig_121755	dDocent_Contig_29737	4	10	12354033	11772990	596818	19	17.12	19.29	2.17
dDocent_Contig_87984	dDocent_Contig_331846	4	10	7009166	8023928	1014762	19	21.54	22.55	1.01
dDocent_Contig_229164	dDocent_Contig_147429	2	10	1533602	1818356	284754	19	23.21	23.65	0.44
dDocent_Contig_146487	dDocent_Contig_169103	3	10	1621515	1742494	120979	19	24.27	24.27	0.00
dDocent_Contig_281	dDocent_Contig_276307	9	10	8212970	9516404	1303434	19	24.27	26.12	1.91
dDocent_Contig_39270	dDocent_Contig_26852	4	10	9663481	10729292	1173376	19	28.22	30.29	2.07
dDocent_Contig_61063	dDocent_Contig_206778	4	10	6456004	6716341	260337	19	30.79	30.45	0.51
dDocent_Contig_52124	dDocent_Contig_38497	6	10	6263567	5491508	965316	19	32.3	34.62	2.71
dDocent_Contig_13669	dDocent_Contig_13393	4	10	4773200	4711288	723971	19	36.73	37.71	1.28
dDocent_Contig_8588	dDocent_Contig_2017	5	10	4551688	3716968	875406	19	38.55	41.33	2.78
dDocent_Contig_41944	dDocent_Contig_11289	2	10	3176595	2925722	250873	19	46.63	47.3	0.67
dDocent_Contig_324292	dDocent_Contig_85881	2	10	2722052	2670674	51378	19	47.96	48.97	1.01
dDocent_Contig_62376	dDocent_Contig_137743	2	10	1460480	1465443	4963	19	49.64	51.67	2.03
dDocent_Contig_95474	dDocent_Contig_78438	2	12	23253190	23055522	197668	5	0	0.770000000000002	0.77
dDocent_Contig_169404	dDocent_Contig_266211	2	12	1495082	1071043	424039	5	1.24	1.65	0.41
dDocent_Contig_182302	dDocent_Contig_180392	6	12	14190994	15727499	1536505	5	5.31	7.78	2.47
dDocent_Contig_698	dDocent_Contig_4651	2	12	16384582	16491586	107004	5	8.41	10.88	2.47
dDocent_Contig_166328	dDocent_Contig_12285	15	12	16845140	19900584	3244325	5	10.88	20.97	10.09
dDocent_Contig_26636	dDocent_Contig_73723	3	12	18572701	19167337	594636	5	21.24	22.92	1.68
dDocent_Contig_215424	dDocent_Contig_110	4	12	20752304	21305811	589765	5	22.7	22.7	0.34
dDocent_Contig_35078	dDocent_Contig_18636	5	12	21062382	21775018	712636	5	25.28	26.62	1.34
dDocent_Contig_83495	dDocent_Contig_2858	8	12	12672580	12594440	471810	5	27.28	30.07	2.79
dDocent_Contig_276420	dDocent_Contig_23529	11	12	7157123	8277474	2260630	5	30.83	34.69	3.86
dDocent_Contig_36330	dDocent_Contig_325432	12	12	9112025	10149880	1489518	5	37.02	41.85	4.83
dDocent_Contig_352629	dDocent_Contig_92932	5	12	11067102	11315957	674536	5	43.71	49.76	6.05
dDocent_Contig_399470	dDocent_Contig_34072	2	12	5242052	5079531	162521	5	51.68	52.35	0.67
dDocent_Contig_31814	dDocent_Contig_68910	2	12	11869440	11895213	25773	5	52.13	53.06	0.93
dDocent_Contig_10702	dDocent_Contig_3906	3	12	3184062	3529418	345356	5	56.19	56.19	0.17
dDocent_Contig_4163	dDocent_Contig_38257	18	12	4057703	5671327	1702692	5	56.19	55.86	0.34
dDocent_Contig_17645	dDocent_Contig_29581	2	12	4299093	4260381	38712	5	58.67	58.67	0.00
dDocent_Contig_65214	dDocent_Contig_1254	4	12	3263479	3448565	189297	5	63.6	66.74	3.14
