START_LOCUS	END_LOCUS	NUM_LOCI	COMP_CHR	COMP_START	COMP_END	COMP_SIZE	MAP_LG	MAP_START	MAP_END	MAP_SIZE
dDocent_Contig_96847	dDocent_Contig_18330	2	14	1114819	1196809	81990	11	9.92	13.99	4.07
dDocent_Contig_10459	dDocent_Contig_30539	2	14	8460231	8721249	261018	11	16.59	16.59	0.00
dDocent_Contig_24110	dDocent_Contig_124034	3	14	7360491	7449891	117199	11	22.67	22.67	0.00
dDocent_Contig_255823	dDocent_Contig_116082	3	14	6983115	5510044	1473071	11	25.25	33.37	8.12
dDocent_Contig_69792	dDocent_Contig_341717	2	14	2452222	4002959	1550737	11	49.89	55.18	5.29
dDocent_Contig_10808	dDocent_Contig_1408	2	3	4931078	6432130	1501052	21	26.62	28.16	1.54
dDocent_Contig_63807	dDocent_Contig_46718	2	3	4087914	3413296	674618	21	40.85	42.77	1.92
dDocent_Contig_3405	dDocent_Contig_138223	2	3	1554157	1506441	47716	21	53.02	53.02	0.00
dDocent_Contig_33115	dDocent_Contig_4056	3	10	2375131	1204186	1170945	7	0	5	5.00
dDocent_Contig_100682	dDocent_Contig_244722	4	10	3193045	4767798	1574753	7	6.9	10.5	3.91
dDocent_Contig_176482	dDocent_Contig_45279	7	10	5175639	5780752	722266	7	14.44	17.01	2.96
dDocent_Contig_48412	dDocent_Contig_1101	6	10	6430791	8538130	2107339	7	18.25	29.95	11.70
dDocent_Contig_56197	dDocent_Contig_19641	3	10	11402519	12237630	835111	7	32.47	43.44	10.97
dDocent_Contig_17099	dDocent_Contig_28840	8	17	999658	4647985	3648327	2	13	24.41	11.41
dDocent_Contig_91457	dDocent_Contig_9113	2	17	7185493	6455183	730310	2	30.92	33.22	2.30
dDocent_Contig_55137	dDocent_Contig_355	3	17	10254963	10419642	164679	2	46.01	48.23	2.22
dDocent_Contig_8251	dDocent_Contig_11186	3	17	9883188	9227890	655298	2	49.89	53.27	3.38
dDocent_Contig_21593	dDocent_Contig_18354	5	21	5824042	4694817	1129225	22	8.34	22.06	13.72
dDocent_Contig_5748	dDocent_Contig_205530	2	21	4144007	4461141	317134	22	25.13	27.27	2.14
dDocent_Contig_107634	dDocent_Contig_26423	2	21	1921872	1754129	167743	22	38.58	42.78	4.20
dDocent_Contig_241945	dDocent_Contig_27826	4	21	2094601	2125081	71517	22	47.96	59.13	11.50
dDocent_Contig_57444	dDocent_Contig_143482	4	11	9908738	10283694	374956	1	13.88	13.88	0.00
dDocent_Contig_62	dDocent_Contig_23083	2	11	1640140	1762401	122261	1	14.56	14.56	0.00
dDocent_Contig_38328	dDocent_Contig_4687	4	11	9564189	6371390	3192799	1	19.82	26.99	7.17
dDocent_Contig_5819	dDocent_Contig_371261	2	11	4236472	4716161	479689	1	30.97	30.97	0.00
dDocent_Contig_12514	dDocent_Contig_24578	4	11	3437051	3881428	444377	1	33.64	39.79	6.15
dDocent_Contig_11122	dDocent_Contig_265782	8	19	6909144	4774407	2237232	18	10.72	33.44	22.72
dDocent_Contig_32458	dDocent_Contig_4533	2	19	3300681	3431757	131076	18	35.19	35.19	0.00
dDocent_Contig_165225	dDocent_Contig_200778	2	19	1301428	1004442	296986	18	69.38	71.39	2.01
dDocent_Contig_385543	dDocent_Contig_12068	2	19	2493517	2616016	122499	18	71.39	71.39	0.00
dDocent_Contig_149738	dDocent_Contig_7326	2	2	21357378	20683496	673882	13	1.4	3.56	2.16
dDocent_Contig_108413	dDocent_Contig_56302	11	2	19041011	13297953	5796749	13	8.69	31.6	22.91
dDocent_Contig_176684	dDocent_Contig_37671	5	2	12840784	10211263	2629521	13	32.31	45.8	13.49
dDocent_Contig_327	dDocent_Contig_73664	4	2	19916181	20604867	688686	13	47.04	53.18	6.14
dDocent_Contig_13164	dDocent_Contig_103448	3	2	9478423	8941789	655503	13	53.81	55.56	1.75
dDocent_Contig_118495	dDocent_Contig_238701	2	8	1262158	1259004	3154	16	9.63	9.63	0.00
dDocent_Contig_93946	dDocent_Contig_202930	2	8	6274571	5677087	597484	16	24	24.31	0.31
dDocent_Contig_53396	dDocent_Contig_52143	2	8	7065478	6570996	494482	16	27.87	28.59	0.72
dDocent_Contig_189298	dDocent_Contig_219013	3	8	7781487	8230817	506277	16	31.06	33.12	2.06
dDocent_Contig_58288	dDocent_Contig_16160	2	8	9295165	9567597	272432	16	33.8	36.98	3.18
dDocent_Contig_246412	dDocent_Contig_2375	2	9	9438108	9862463	424355	23	9.89	10.04	0.15
dDocent_Contig_52023	dDocent_Contig_89624	4	9	9405550	8431836	1063514	23	10.6	17.45	6.85
dDocent_Contig_342733	dDocent_Contig_33242	4	9	8029758	7751651	278107	23	20.18	21.93	1.75
dDocent_Contig_39883	dDocent_Contig_8987	5	9	6363246	4008136	2413012	23	26.4	31.82	5.42
dDocent_Contig_26725	dDocent_Contig_27344	4	9	2601197	2940760	448037	23	34.72	35.77	1.05
dDocent_Contig_24007	dDocent_Contig_41980	2	12	11027079	11654519	627440	6	4.22	6.58	2.36
dDocent_Contig_93991	dDocent_Contig_15619	5	12	641113	1194925	556484	6	21.91	25.12	3.21
dDocent_Contig_13705	dDocent_Contig_1052	3	12	6144160	7728343	1584183	6	32.38	34.85	2.47
dDocent_Contig_23746	dDocent_Contig_3528	2	12	8917353	8393990	523363	6	38.89	40.3	1.41
dDocent_Contig_3889	dDocent_Contig_293918	3	12	4473741	3828618	819810	6	55.65	67.72	12.07
dDocent_Contig_92423	dDocent_Contig_84119	2	16	6054687	6104837	50150	3	4.42	5.04	0.62
dDocent_Contig_207044	dDocent_Contig_39533	3	16	5228395	5574408	346013	3	5.66	5.35	0.31
dDocent_Contig_25692	dDocent_Contig_8598	2	16	2083278	2151979	68701	3	8.91	8.91	0.00
dDocent_Contig_98083	dDocent_Contig_17871	2	16	4452136	5134304	682168	3	8.76	8.91	0.15
dDocent_Contig_25574	dDocent_Contig_12895	2	16	3403949	2522252	881697	3	16.67	16.82	0.15
dDocent_Contig_101801	dDocent_Contig_4899	2	7	7639811	7737688	97877	9	18.42	18.42	0.00
dDocent_Contig_244551	dDocent_Contig_59426	2	7	7392409	6953552	438857	9	21.55	23.57	2.02
dDocent_Contig_28238	dDocent_Contig_120494	2	7	5822382	6135349	312967	9	28.97	28.97	0.00
dDocent_Contig_333677	dDocent_Contig_263392	2	7	4504931	4131564	373367	9	33.15	35.71	2.56
dDocent_Contig_10383	dDocent_Contig_40313	5	7	9967299	11169484	1431754	9	40.85	64.01	23.16
dDocent_Contig_49203	dDocent_Contig_4389	2	1	11098423	11698394	599971	12	9.75	10.25	0.50
dDocent_Contig_29713	dDocent_Contig_21587	2	1	10570869	10708263	137394	12	10.41	10.41	0.00
dDocent_Contig_16668	dDocent_Contig_34141	3	1	12939064	14384856	1445792	12	14.82	22.33	7.51
dDocent_Contig_10414	dDocent_Contig_221942	2	1	16206615	15439655	766960	12	26.15	26.72	0.57
dDocent_Contig_74001	dDocent_Contig_7350	7	1	17159881	20905506	3745625	12	32.17	55.58	24.03
dDocent_Contig_128151	dDocent_Contig_84748	4	2	218798	845218	626420	15	3.96	16.55	12.59
dDocent_Contig_19061	dDocent_Contig_13302	3	2	7890006	7351534	538472	15	20.52	47.65	27.13
dDocent_Contig_275327	dDocent_Contig_30705	2	2	5125339	5460655	335316	15	51.18	51.8	0.62
dDocent_Contig_247362	dDocent_Contig_301600	6	4	4076476	6697875	2848897	14	0.159999999999997	16.82	16.66
dDocent_Contig_406	dDocent_Contig_167913	2	4	9811951	8771776	1040175	14	37.12	42.72	5.60
dDocent_Contig_217365	dDocent_Contig_44421	3	5	3008429	2531147	477282	20	25.21	26.33	1.12
dDocent_Contig_233714	dDocent_Contig_4468	2	5	3311288	3412245	100957	20	28.17	28.17	0.00
dDocent_Contig_86305	dDocent_Contig_13865	8	5	4561818	7831922	3272631	20	30.33	39.29	8.96
dDocent_Contig_153650	dDocent_Contig_166590	2	5	9404509	9247593	156916	20	40.92	43.62	2.70
dDocent_Contig_37716	dDocent_Contig_5563	3	5	10904614	12981487	2076873	20	52.15	56.37	4.22
dDocent_Contig_68700	dDocent_Contig_288155	6	6	1425864	2667596	1241732	8	22.73	33.78	11.05
dDocent_Contig_86623	dDocent_Contig_8327	2	6	3388190	3319207	68983	8	33.78	36.52	2.74
dDocent_Contig_28251	dDocent_Contig_86520	4	6	4025827	3995865	543142	8	36.15	41.16	5.01
dDocent_Contig_358491	dDocent_Contig_95836	3	6	4571981	6035141	1463160	8	42.71	49.2	6.49
dDocent_Contig_31830	dDocent_Contig_128759	2	6	6956438	6409360	547078	8	51.54	64.69	13.15
dDocent_Contig_7358	dDocent_Contig_21444	2	18	1482838	1350682	132156	4	4.9	18.58	13.68
dDocent_Contig_359111	dDocent_Contig_296700	2	18	2424157	2111132	313025	4	21.45	22.43	0.98
dDocent_Contig_173	dDocent_Contig_86254	2	18	1660585	1674822	14237	4	26.77	26.95	0.18
dDocent_Contig_336119	dDocent_Contig_297333	4	18	679059	116847	563141	4	35.77	38.1	2.33
dDocent_Contig_70736	dDocent_Contig_118656	4	13	1092023	1289843	197820	24	0	0	0.00
dDocent_Contig_15622	dDocent_Contig_35997	4	13	6783880	7080977	297097	24	6.16	7.11	1.00
dDocent_Contig_260352	dDocent_Contig_27564	2	13	2624566	1602561	1022005	24	7.78	10.81	3.03
dDocent_Contig_2507	dDocent_Contig_8809	2	13	4860183	5497320	637137	24	14.77	17.28	2.51
dDocent_Contig_30631	dDocent_Contig_125630	2	13	3533337	3670785	137448	24	17.4	18.8	1.40
dDocent_Contig_650	dDocent_Contig_337536	2	13	7322027	7861098	539071	24	22.03	22.65	0.62
dDocent_Contig_392339	dDocent_Contig_25110	3	13	11554023	11827991	273968	24	26.89	28.43	1.54
dDocent_Contig_69223	dDocent_Contig_216625	5	13	10767475	10064333	719847	24	28.43	31.24	2.81
dDocent_Contig_22395	dDocent_Contig_21002	3	13	8509700	9035093	525393	24	37.15	44.06	6.91
dDocent_Contig_131719	dDocent_Contig_112107	2	13	12149454	12065406	84048	24	49.15	54.67	5.52
dDocent_Contig_68790	dDocent_Contig_85212	2	15	1714391	1670087	44304	10	14.7	17.16	2.46
dDocent_Contig_12674	dDocent_Contig_85216	2	15	2443533	2300586	142947	10	19.91	25.19	5.28
dDocent_Contig_14506	dDocent_Contig_172611	2	15	6544849	6741424	196575	10	34.61	34.61	0.00
dDocent_Contig_73753	dDocent_Contig_51425	2	15	5679331	5750636	71305	10	35.39	35.39	0.00
dDocent_Contig_127992	dDocent_Contig_3187	2	15	645979	1472284	826305	10	53.56	58.07	4.51
dDocent_Contig_2844	dDocent_Contig_3962	6	3	14234251	8629016	5629577	19	11.48	30.14	18.66
dDocent_Contig_374147	dDocent_Contig_36101	3	2	5492160	6593700	1101540	19	41.33	47.85	6.52
dDocent_Contig_4651	dDocent_Contig_6648	3	1	3680740	3539505	619586	5	10.88	14.45	3.90
dDocent_Contig_21675	dDocent_Contig_35078	2	1	8232783	7917360	315423	5	22.01	25.28	3.27
dDocent_Contig_72018	dDocent_Contig_2858	3	1	238157	499110	260953	5	27.28	30.07	2.79
dDocent_Contig_61696	dDocent_Contig_22567	4	1	4609855	5270421	660566	5	33.66	40.17	6.51
dDocent_Contig_352629	dDocent_Contig_92932	2	20	1769177	1946774	177597	5	43.71	49.76	6.05
dDocent_Contig_4163	dDocent_Contig_38257	6	20	2278868	3455416	1176548	5	56.19	55.86	0.33
