START_LOCUS	END_LOCUS	NUM_LOCI	COMP_CHR	COMP_START	COMP_END	COMP_SIZE	MAP_LG	MAP_START	MAP_END	MAP_SIZE
dDocent_Contig_52004	dDocent_Contig_18330	2	16	232098	114268	117830	11	12.88	13.99	1.11
dDocent_Contig_30539	dDocent_Contig_116082	7	16	2609968	6039666	3429698	11	16.59	33.37	16.78
dDocent_Contig_100040	dDocent_Contig_69792	2	16	8960274	7603378	1356896	11	42.78	49.89	7.11
dDocent_Contig_43813	dDocent_Contig_276335	2	16	9168446	10187393	1018947	11	49.89	58.94	9.05
dDocent_Contig_255676	dDocent_Contig_46718	2	8	4671128	4672702	1574	21	42.41	42.77	0.36
dDocent_Contig_22103	dDocent_Contig_4056	2	2	1969136	954814	1014322	7	1.91	5	3.09
dDocent_Contig_100682	dDocent_Contig_349127	2	2	9340180	9825245	485065	7	6.9	6.59	0.31
dDocent_Contig_42789	dDocent_Contig_244722	3	2	8866642	8007961	858681	7	8.83	10.5	1.67
dDocent_Contig_86242	dDocent_Contig_8174	2	2	6958715	6755440	203275	7	10.06	13.9	3.84
dDocent_Contig_176482	dDocent_Contig_6864	3	2	7591367	7609036	65879	7	14.44	15.09	1.04
dDocent_Contig_224986	dDocent_Contig_124590	2	2	7219403	7516049	296646	7	15.52	15.59	0.07
dDocent_Contig_55735	dDocent_Contig_45279	4	2	7060017	6991015	286212	7	16.25	17.01	0.76
dDocent_Contig_62600	dDocent_Contig_2193	4	2	6352834	5624502	728332	7	18.25	22.2	3.95
dDocent_Contig_145685	dDocent_Contig_1101	2	2	4041471	4039703	1768	7	28.84	29.95	1.11
dDocent_Contig_18098	dDocent_Contig_56197	2	2	30152	36729	6577	7	32.55	32.47	0.08
dDocent_Contig_183092	dDocent_Contig_113893	2	2	10964201	10509030	455171	7	50.27	52.99	2.72
dDocent_Contig_29172	dDocent_Contig_17099	2	4	1989091	1568841	420250	2	10.23	13	2.77
dDocent_Contig_300492	dDocent_Contig_13127	2	4	2227767	2814958	587191	2	13	15.31	2.31
dDocent_Contig_9859	dDocent_Contig_43242	2	4	13114611	13804904	690293	2	18.65	18.34	0.31
dDocent_Contig_28647	dDocent_Contig_22783	3	4	13112662	12021748	1090914	2	18.96	22.79	3.83
dDocent_Contig_91457	dDocent_Contig_9113	2	4	8848359	9584217	735858	2	30.92	33.22	2.30
dDocent_Contig_55137	dDocent_Contig_355	3	4	5588684	5405032	183652	2	46.01	48.23	2.22
dDocent_Contig_89980	dDocent_Contig_48591	3	4	5489620	5641003	151383	2	52.22	52.22	0.21
dDocent_Contig_178388	dDocent_Contig_11186	2	4	6226800	6723076	496276	2	52.22	53.27	1.05
dDocent_Contig_159654	dDocent_Contig_126987	2	8	9494204	9004274	489930	17	2	2.5	0.50
dDocent_Contig_9101	dDocent_Contig_267577	2	8	14138548	14574383	435835	17	26.68	26.51	0.17
dDocent_Contig_13237	dDocent_Contig_392531	4	8	14082422	11437932	2644490	17	28.87	59.72	30.85
dDocent_Contig_34420	dDocent_Contig_169586	7	12	6068829	2967379	3101450	22	10.49	34.31	23.82
dDocent_Contig_107634	dDocent_Contig_26423	2	12	2482889	2694360	211471	22	38.58	42.78	4.20
dDocent_Contig_15338	dDocent_Contig_5234	5	12	1964857	2306748	348814	22	45.62	47.96	2.34
dDocent_Contig_27826	dDocent_Contig_13457	2	12	2276108	2385686	109578	22	59.13	59.13	0.00
dDocent_Contig_7795	dDocent_Contig_651	3	19	12560848	12689370	241354	1	13.88	13.88	0.00
dDocent_Contig_23083	dDocent_Contig_62	2	19	10517172	10649594	132422	1	14.56	14.56	0.00
dDocent_Contig_33316	dDocent_Contig_2275	2	19	11800775	11478770	322005	1	14.56	19.82	5.26
dDocent_Contig_139762	dDocent_Contig_1291	7	19	3903945	7012772	3108827	1	21.36	30.97	9.61
dDocent_Contig_32568	dDocent_Contig_311739	2	19	8679779	8695898	16119	1	35.16	35.16	0.00
dDocent_Contig_28819	dDocent_Contig_52743	2	19	699044	1054428	355384	1	47.61	47.61	0.00
dDocent_Contig_5372	dDocent_Contig_265782	4	18	7803365	6680571	1224644	18	18.01	33.44	15.43
dDocent_Contig_4533	dDocent_Contig_29128	2	18	5255688	6056517	800829	18	35.19	35.19	0.00
dDocent_Contig_9971	dDocent_Contig_90958	2	18	3737314	3723200	14114	18	54.58	54.58	0.00
dDocent_Contig_93961	dDocent_Contig_165225	2	18	2682613	2753051	70438	18	64.53	69.38	4.85
dDocent_Contig_56128	dDocent_Contig_137371	15	1	19122820	13747523	5375297	13	16.56	34.63	18.07
dDocent_Contig_4692	dDocent_Contig_73664	2	1	22122632	22303780	181148	13	50.47	53.18	2.71
dDocent_Contig_13164	dDocent_Contig_20310	2	1	10867407	11017209	149802	13	53.81	54.42	0.61
dDocent_Contig_118495	dDocent_Contig_238701	2	7	5714756	5711538	3218	16	9.63	9.63	0.00
dDocent_Contig_14866	dDocent_Contig_3380	2	7	6109536	6719306	609770	16	11.18	11.49	0.31
dDocent_Contig_52532	dDocent_Contig_93946	2	7	9129436	10770774	1641338	16	22.49	24	1.51
dDocent_Contig_53396	dDocent_Contig_15064	3	7	11636616	11135002	534802	16	27.87	28.63	0.76
dDocent_Contig_189298	dDocent_Contig_219013	5	7	12373068	12939896	935357	16	31.06	33.12	2.06
dDocent_Contig_305277	dDocent_Contig_16160	3	7	13445571	13920288	474717	16	33.8	36.98	3.18
dDocent_Contig_183123	dDocent_Contig_8234	2	7	184704	412675	227971	16	43.43	46.32	2.89
dDocent_Contig_9237	dDocent_Contig_378878	2	7	2368045	3765883	1397838	16	58.84	68.23	9.39
dDocent_Contig_2375	dDocent_Contig_89624	4	3	12844020	11626836	1307740	23	10.04	17.45	7.41
dDocent_Contig_342733	dDocent_Contig_33242	4	3	11229620	10928406	301214	23	20.18	21.93	1.75
dDocent_Contig_39883	dDocent_Contig_340761	3	3	9615404	9354687	425614	23	26.4	27.48	1.24
dDocent_Contig_367217	dDocent_Contig_6993	3	3	8644720	8233694	647981	23	28.88	31.6	2.72
dDocent_Contig_32102	dDocent_Contig_8987	4	3	6836814	7125003	340593	23	32.04	31.82	0.22
dDocent_Contig_62766	dDocent_Contig_119372	3	3	5629395	4222404	1406991	23	35.77	41.91	6.14
dDocent_Contig_2202	dDocent_Contig_37096	2	3	3334173	3540914	206741	23	44.58	44.58	0.00
dDocent_Contig_24007	dDocent_Contig_41980	2	21	4756087	5497302	741215	6	4.22	6.58	2.36
dDocent_Contig_224101	dDocent_Contig_78852	2	21	643059	1595391	952332	6	19.08	19.81	0.73
dDocent_Contig_24394	dDocent_Contig_193069	4	21	14703571	14076542	631449	6	24.26	28.3	4.04
dDocent_Contig_3387	dDocent_Contig_13705	2	21	9740913	9754119	13206	6	32.38	32.38	0.00
dDocent_Contig_26491	dDocent_Contig_3528	2	21	7220028	7311491	91463	6	36.47	40.3	3.83
dDocent_Contig_33255	dDocent_Contig_312955	3	21	6011967	6220780	208813	6	43.58	44.9	1.32
dDocent_Contig_37175	dDocent_Contig_23884	3	21	11048146	11676723	628577	6	53.49	61.84	8.35
dDocent_Contig_66767	dDocent_Contig_293918	2	21	12310964	12104714	206250	6	66.27	67.72	1.45
dDocent_Contig_84119	dDocent_Contig_92423	2	11	9127297	9071421	55876	3	5.04	4.42	0.62
dDocent_Contig_207044	dDocent_Contig_39533	3	11	8184168	8528871	344703	3	5.66	5.35	0.31
dDocent_Contig_25692	dDocent_Contig_8598	2	11	5105720	5216265	110545	3	8.91	8.91	0.00
dDocent_Contig_98083	dDocent_Contig_109605	2	11	7334726	7800946	466220	3	8.76	10.61	1.85
dDocent_Contig_25574	dDocent_Contig_12922	3	11	6435383	5225179	1210204	3	16.67	17.75	1.08
dDocent_Contig_55414	dDocent_Contig_329394	2	11	3221052	4686362	1465310	3	24.6	25.37	0.77
dDocent_Contig_4899	dDocent_Contig_333677	7	15	7420770	10711919	3291149	9	18.42	33.15	14.73
dDocent_Contig_10383	dDocent_Contig_42416	2	15	1762844	2199202	436358	9	40.85	41.08	0.23
dDocent_Contig_367430	dDocent_Contig_61318	2	15	5209089	5745871	536782	9	43.64	45.18	1.54
dDocent_Contig_30406	dDocent_Contig_40313	3	15	3628133	3327108	301025	9	62.43	64.01	1.58
dDocent_Contig_12063	dDocent_Contig_114253	3	15	4478343	4068300	410043	9	63.7	64.32	0.62
dDocent_Contig_6811	dDocent_Contig_4389	3	20	1604622	2656268	1051646	12	7.74	10.25	2.51
dDocent_Contig_29713	dDocent_Contig_21587	2	20	1459652	1569036	109384	12	10.41	10.41	0.00
dDocent_Contig_52450	dDocent_Contig_34141	4	20	2934312	5551881	2617569	12	11.49	22.33	10.84
dDocent_Contig_10414	dDocent_Contig_221942	2	20	7519622	6715049	804573	12	26.15	26.72	0.57
dDocent_Contig_74001	dDocent_Contig_7350	10	20	8607889	11985177	3377288	12	32.17	55.58	24.03
dDocent_Contig_319453	dDocent_Contig_189129	2	1	1503727	1164387	339340	15	2.67	9.27	6.60
dDocent_Contig_19061	dDocent_Contig_79551	4	1	9085763	9562782	736956	15	20.52	24.12	3.60
dDocent_Contig_2478	dDocent_Contig_314536	2	1	4349834	3979625	370209	15	31.86	34.28	2.42
dDocent_Contig_32931	dDocent_Contig_13302	2	1	7472146	8169118	696972	15	42.48	47.65	5.17
dDocent_Contig_275327	dDocent_Contig_2335	3	1	5752428	5910880	393003	15	51.18	58.76	7.58
dDocent_Contig_247362	dDocent_Contig_56244	5	6	6125211	4963450	1161761	14	0.159999999999997	9.9	9.74
dDocent_Contig_26947	dDocent_Contig_101213	6	6	4092618	3092050	1010014	14	14	19.68	5.68
dDocent_Contig_61920	dDocent_Contig_167913	3	6	1157296	2271388	1114092	14	37.12	42.72	5.60
dDocent_Contig_77672	dDocent_Contig_11636	2	13	1132692	1398929	266237	20	18.22	18.37	0.15
dDocent_Contig_17277	dDocent_Contig_31096	3	13	4967389	5588972	621583	20	21.65	22.93	1.28
dDocent_Contig_190752	dDocent_Contig_44421	2	13	4256884	4064611	192273	20	25.96	26.33	0.37
dDocent_Contig_81453	dDocent_Contig_4468	3	13	4643997	4805861	161864	20	28.17	28.17	0.00
dDocent_Contig_95996	dDocent_Contig_86305	2	13	16518687	16861028	342341	20	30.33	30.33	0.00
dDocent_Contig_15918	dDocent_Contig_79762	6	13	16153554	14569733	1583821	20	31.26	34.97	3.71
dDocent_Contig_121559	dDocent_Contig_288916	2	13	13469743	14054298	584555	20	37.13	37.13	0.00
dDocent_Contig_153650	dDocent_Contig_166590	2	13	11883297	12011035	127738	20	40.92	43.62	2.70
dDocent_Contig_37716	dDocent_Contig_5563	3	13	10165792	7536561	2629231	20	52.15	56.37	4.22
dDocent_Contig_274586	dDocent_Contig_1533	2	10	959399	1352289	392890	8	19.66	19.66	0.00
dDocent_Contig_36018	dDocent_Contig_143868	3	10	783296	351813	431483	8	20.73	22.58	1.85
dDocent_Contig_68700	dDocent_Contig_339791	2	10	2794952	3413113	618161	8	22.73	22.73	0.00
dDocent_Contig_314714	dDocent_Contig_305597	2	10	2012101	2405345	393244	8	29.75	29.42	0.33
dDocent_Contig_252480	dDocent_Contig_84428	2	10	1692594	2042795	350201	8	31.31	31.31	0.00
dDocent_Contig_199619	dDocent_Contig_85444	2	10	4314298	4421247	106949	8	38.06	38.68	0.62
dDocent_Contig_358491	dDocent_Contig_95836	4	10	5340504	6875167	1534663	8	42.71	49.2	6.49
dDocent_Contig_326304	dDocent_Contig_16583	2	10	7226687	8809325	1582638	8	62.35	66.13	3.78
dDocent_Contig_36898	dDocent_Contig_141395	2	17	32946	729843	696897	4	6.5	8.98	2.48
dDocent_Contig_359111	dDocent_Contig_20760	2	17	2239185	1735818	503367	4	21.45	22.43	0.98
dDocent_Contig_17369	dDocent_Contig_1633	2	17	11095217	11075054	20163	4	30.16	31.1	0.94
dDocent_Contig_54942	dDocent_Contig_297333	3	17	3648852	3808959	160822	4	37.63	38.1	0.47
dDocent_Contig_289693	dDocent_Contig_98257	3	17	8795764	7296712	1499052	4	44.17	49.77	5.60
dDocent_Contig_360326	dDocent_Contig_15402	2	17	6261663	5314447	947216	4	65.61	66.22	0.61
dDocent_Contig_118656	dDocent_Contig_167115	2	9	211332	144893	66439	24	0	0	0.00
dDocent_Contig_70736	dDocent_Contig_103135	2	9	3094366	3176798	82432	24	0	0	0.00
dDocent_Contig_15622	dDocent_Contig_225171	3	9	7779198	8032739	253541	24	6.16	6.11	0.67
dDocent_Contig_3207	dDocent_Contig_38804	2	9	2264908	2576295	311387	24	12.91	14.49	1.58
dDocent_Contig_2507	dDocent_Contig_8809	2	9	5650429	6390942	740513	24	14.77	17.28	2.51
dDocent_Contig_125630	dDocent_Contig_297018	3	9	1495408	781243	968809	24	18.8	20.49	2.00
dDocent_Contig_650	dDocent_Contig_337536	2	9	8379851	8903278	523427	24	22.03	22.65	0.62
dDocent_Contig_8138	dDocent_Contig_15342	2	9	8866591	9093975	227384	24	23	26.4	3.40
dDocent_Contig_392339	dDocent_Contig_25110	3	9	12897507	13205561	308054	24	26.89	28.43	1.54
dDocent_Contig_69223	dDocent_Contig_216625	5	9	12051760	11302521	766552	24	28.43	31.24	2.81
dDocent_Contig_22395	dDocent_Contig_324047	5	9	9600078	9940355	628878	24	37.15	45.76	8.61
dDocent_Contig_131719	dDocent_Contig_29779	3	9	13548474	13601092	138502	24	49.15	55.79	6.64
dDocent_Contig_9013	dDocent_Contig_264891	3	22	5823530	6285603	462073	10	11.59	15.1	3.51
dDocent_Contig_68790	dDocent_Contig_22346	6	22	10685421	7561587	3168650	10	14.7	32.54	17.84
dDocent_Contig_44252	dDocent_Contig_51425	3	22	6833761	6807115	99263	10	35.39	35.39	0.00
dDocent_Contig_20609	dDocent_Contig_31796	3	22	85890	317574	283572	10	35.94	39.74	3.80
dDocent_Contig_50518	dDocent_Contig_48250	2	22	825823	722652	103171	10	39	41.28	2.28
dDocent_Contig_129569	dDocent_Contig_24473	2	22	1287202	1473781	186579	10	40.76	43.45	2.69
dDocent_Contig_20865	dDocent_Contig_73600	2	22	2342578	1792206	550372	10	49.4	52.81	3.41
dDocent_Contig_2844	dDocent_Contig_87984	3	5	11177268	8532693	2644575	19	11.48	21.54	10.06
dDocent_Contig_1328	dDocent_Contig_61063	3	5	5459027	4017954	1473921	19	29.52	30.79	1.44
dDocent_Contig_13393	dDocent_Contig_137743	2	5	3655225	1432154	2223071	19	37.71	51.67	13.96
dDocent_Contig_83754	dDocent_Contig_729	2	14	235771	432339	196568	5	6.23	6.54	0.31
dDocent_Contig_4651	dDocent_Contig_5320	5	14	7706811	5733476	2006442	5	10.88	22.92	12.04
dDocent_Contig_35078	dDocent_Contig_2858	4	14	2321745	4300257	1978512	5	25.28	30.07	4.79
dDocent_Contig_61696	dDocent_Contig_22567	4	14	8720074	9416460	696386	5	33.66	40.17	6.51
dDocent_Contig_352629	dDocent_Contig_92932	2	14	10593449	10778011	184562	5	43.71	49.76	6.05
dDocent_Contig_4163	dDocent_Contig_38257	6	14	11125877	12233541	1107664	5	56.19	55.86	0.33
