LG LG_FamB LG_FamB_F LG_FamB_M LG_FamA LG_FamA_F LG_FamA_M
1 1 1 1 1 1 1
10 21 23 18 10 13 7
11 24 16 15 11 15 11
13 11 12 17 13 17 20
14 22 24 23 14 19 15
15 16 18 19 15 20 18
16 14 15 7 16 21 16
17 18 20 22 17 22 24
18 17 19 9 18 23 21
19 13 14 16 19 14 17
2 15 17 20 2 3 13
20 7 7 10 20 11 22
21 19 21 21 21 24 23
22 9 10 5 22 18 5
23 20 22 8 23 4 3
24 23 9 14 24 2 4
3 8 8 11 3 5 19
4 2 2 3 4 6 14
5 4 4 2 5 7 8
6 3 3 13 6 8 6
7 10 11 24 7 9 9
8 12 13 12 8 10 10
9 6 6 4 9 12 12
12 5 5 6 12 16 2
